7.085916421625738622e+02
7.083895216562877977e+02
7.080973877501409106e+02
7.078052538439939099e+02
7.076284972239269564e+02
7.078878572893997898e+02
7.099726219594876966e+02
7.118601596980528257e+02
7.135976197479478742e+02
7.152242786185117893e+02
7.152242786185117893e+02
7.152242786185117893e+02
7.165887536227792225e+02
7.177516699234997759e+02
7.174427161285382226e+02
7.168536658179425558e+02
7.162646155073468890e+02
7.162913172359014879e+02
7.164370682361160334e+02
7.165041921948375148e+02
7.166155054071499535e+02
7.168168153713625088e+02
7.170181253355748368e+02
7.172194352997872784e+02
7.176753504804313479e+02
7.185595441825892067e+02
7.192166000191693911e+02
7.182891790643640206e+02
7.175189581744942871e+02
7.177948014279420477e+02
7.239255349523602945e+02
7.263335801622114332e+02
7.279731825315154765e+02
7.293692912125193288e+02
7.307853155841180524e+02
7.307853155841181660e+02
7.307853155841181660e+02
7.307853155841182797e+02
7.307853155841181660e+02
7.307853155841181660e+02
7.307853155841181660e+02
7.307853155841181660e+02
7.324708387825394311e+02
7.347710865956120188e+02
7.370713344086844927e+02
7.376914984972765978e+02
7.376914984972765978e+02
7.376914984972765978e+02
7.376914984972765978e+02
7.376914984972765978e+02
7.378315401848473130e+02
7.394054757871656420e+02
7.409794113894840848e+02
7.425533469918026412e+02
7.438475531194153518e+02
7.451481460606385099e+02
7.466557685199804837e+02
7.469786276397760503e+02
7.469786276397760503e+02
7.468641142676534628e+02
7.464509404486902895e+02
7.463488569002927306e+02
7.463464882314525539e+02
7.463424193497984334e+02
6.687238175606031518e+02
6.132349241706831435e+02
5.726988061988097343e+02
5.193830613779018677e+02
4.824777322353566547e+02
4.805779228243432044e+02
4.805779228243432044e+02
4.798788311855497568e+02
4.767714601535197971e+02
4.750786399867453156e+02
4.738758643277275837e+02
4.715082289753416376e+02
4.661847004459721688e+02
4.663140793174920873e+02
4.664405388548240126e+02
4.664656248403554173e+02
4.669454089298017152e+02
4.669454089298017152e+02
4.669454089298017152e+02
4.584711695250434786e+02
4.486458703419115750e+02
4.414966549119615138e+02
4.414966549119614569e+02
4.420501195572055622e+02
4.414966549119615138e+02
4.414966549119615706e+02
4.357125546432333749e+02
4.263337431282249099e+02
4.263337431282249668e+02
4.263337431282249099e+02
4.263337431282249668e+02
4.278527726035659384e+02
4.305494561262055981e+02
4.332461396488452010e+02
4.313357248376311190e+02
4.263164774193791686e+02
4.204118562564106014e+02
4.145072350934420342e+02
4.109398921628849166e+02
4.055969719274908130e+02
4.022661853676572719e+02
4.022661853676573287e+02
4.022661853676573287e+02
4.022661853676573855e+02
4.022661853676572719e+02
4.022661853676573855e+02
4.022661853676573287e+02
4.022661853676572719e+02
4.022661853676572719e+02
4.022661853676572719e+02
4.022661853676573855e+02
4.000990559729668803e+02
4.015720387374475990e+02
4.008053388258363157e+02
3.961884534795665331e+02
3.841148029735776390e+02
3.845751717694668059e+02
3.843463293689921443e+02
3.814077732621104246e+02
3.779235245244719295e+02
3.777742559073270741e+02
3.775732248379234761e+02
3.773037086431368152e+02
3.770327324631096531e+02
3.767592812476692643e+02
3.769766601936949542e+02
3.771844282307718004e+02
3.772010598440008948e+02
3.770103522049943194e+02
3.771451584581476482e+02
3.772799647113010906e+02
3.770992023869463878e+02
3.769088252442854241e+02
3.739105331109074086e+02
3.681105800714274210e+02
3.645776008890786102e+02
3.621919217605924359e+02
3.619173463950597238e+02
3.650129051970621390e+02
3.690586214161005501e+02
3.755307422187605084e+02
3.779133707610565693e+02
3.781772439354196536e+02
3.784411171097827946e+02
3.778165704025357172e+02
3.767399638346765300e+02
3.785301050046867886e+02
3.786667412922249127e+02
3.795227425459136157e+02
3.803787437996023755e+02
3.810176059759493228e+02
3.802896969488240870e+02
3.812656860308120486e+02
3.812764796376159779e+02
3.812407373689702013e+02
3.812049951003244246e+02
3.415001434687508208e+02
2.642112511405350119e+02
2.312762744506518118e+02
2.075581910333901874e+02
2.076533532966860776e+02
2.076752221755079972e+02
2.077433365281293334e+02
2.078114508807507264e+02
2.081256590563058637e+02
2.094472132495414485e+02
2.128650828337843848e+02
2.150308344328998942e+02
2.150308344328998942e+02
2.207950627948122815e+02
2.247563974881061597e+02
2.290049717412381938e+02
2.335296855849379085e+02
2.353003326466630654e+02
2.364113141615621885e+02
2.377820035662923885e+02
2.386663115364684131e+02
2.408226947309118486e+02
2.431485076122403655e+02
2.454743204935688823e+02
2.537572089101811059e+02
2.632248831956815138e+02
2.692353095048037517e+02
2.752457358139258758e+02
2.821155793576280075e+02
2.894492046000415257e+02
3.011204763602190724e+02
4.496024953984355079e+02
5.570685511066753861e+02
6.645346068149154917e+02
7.561821217197102669e+02
8.770008800564194189e+02
9.537353882564096921e+02
9.068339223521413714e+02
nan
nan
