1.617214000000000169e+03
1.617337618090452452e+03
1.617461236180904507e+03
1.617584854271356789e+03
1.617708472361809072e+03
1.617832090452261355e+03
1.617955708542713637e+03
1.618079326633165920e+03
1.618202944723618202e+03
1.618326562814070485e+03
1.618450180904522767e+03
1.618573798994975050e+03
1.618697417085427105e+03
1.618821035175879388e+03
1.618944653266331670e+03
1.619068271356783953e+03
1.619191889447236235e+03
1.619315507537688518e+03
1.619439125628140800e+03
1.619562743718593083e+03
1.619686361809045366e+03
1.619809979899497648e+03
1.619933597989949931e+03
1.620057216080401986e+03
1.620180834170854268e+03
1.620304452261306551e+03
1.620428070351758834e+03
1.620551688442211116e+03
1.620675306532663399e+03
1.620798924623115681e+03
1.620922542713567964e+03
1.621046160804020246e+03
1.621169778894472529e+03
1.621293396984924811e+03
1.621417015075376867e+03
1.621540633165829149e+03
1.621664251256281432e+03
1.621787869346733714e+03
1.621911487437185997e+03
1.622035105527638279e+03
1.622158723618090562e+03
1.622282341708542845e+03
1.622405959798995127e+03
1.622529577889447410e+03
1.622653195979899465e+03
1.622776814070351747e+03
1.622900432160804030e+03
1.623024050251256313e+03
1.623147668341708595e+03
1.623271286432160878e+03
1.623394904522613160e+03
1.623518522613065443e+03
1.623642140703517725e+03
1.623765758793970008e+03
1.623889376884422290e+03
1.624012994974874346e+03
1.624136613065326628e+03
1.624260231155778911e+03
1.624383849246231193e+03
1.624507467336683476e+03
1.624631085427135758e+03
1.624754703517588041e+03
1.624878321608040324e+03
1.625001939698492606e+03
1.625125557788944889e+03
1.625249175879397171e+03
1.625372793969849226e+03
1.625496412060301509e+03
1.625620030150753792e+03
1.625743648241206074e+03
1.625867266331658357e+03
1.625990884422110639e+03
1.626114502512562922e+03
1.626238120603015204e+03
1.626361738693467487e+03
1.626485356783919769e+03
1.626608974874371825e+03
1.626732592964824107e+03
1.626856211055276390e+03
1.626979829145728672e+03
1.627103447236180955e+03
1.627227065326633237e+03
1.627350683417085520e+03
1.627474301507537803e+03
1.627597919597990085e+03
1.627721537688442368e+03
1.627845155778894650e+03
1.627968773869346705e+03
1.628092391959798988e+03
1.628216010050251271e+03
1.628339628140703553e+03
1.628463246231155836e+03
1.628586864321608118e+03
1.628710482412060401e+03
1.628834100502512683e+03
1.628957718592964966e+03
1.629081336683417248e+03
1.629204954773869531e+03
1.629328572864321586e+03
1.629452190954773869e+03
1.629575809045226151e+03
1.629699427135678434e+03
1.629823045226130716e+03
1.629946663316582999e+03
1.630070281407035282e+03
1.630193899497487564e+03
1.630317517587939847e+03
1.630441135678392129e+03
1.630564753768844184e+03
1.630688371859296467e+03
1.630811989949748749e+03
1.630935608040201032e+03
1.631059226130653315e+03
1.631182844221105597e+03
1.631306462311557880e+03
1.631430080402010162e+03
1.631553698492462445e+03
1.631677316582914727e+03
1.631800934673367010e+03
1.631924552763819065e+03
1.632048170854271348e+03
1.632171788944723630e+03
1.632295407035175913e+03
1.632419025125628195e+03
1.632542643216080478e+03
1.632666261306532760e+03
1.632789879396985043e+03
1.632913497487437326e+03
1.633037115577889608e+03
1.633160733668341891e+03
1.633284351758793946e+03
1.633407969849246228e+03
1.633531587939698511e+03
1.633655206030150794e+03
1.633778824120603076e+03
1.633902442211055359e+03
1.634026060301507641e+03
1.634149678391959924e+03
1.634273296482412206e+03
1.634396914572864489e+03
1.634520532663316772e+03
1.634644150753768827e+03
1.634767768844221109e+03
1.634891386934673392e+03
1.635015005025125674e+03
1.635138623115577957e+03
1.635262241206030239e+03
1.635385859296482522e+03
1.635509477386934805e+03
1.635633095477387087e+03
1.635756713567839370e+03
1.635880331658291425e+03
1.636003949748743707e+03
1.636127567839195990e+03
1.636251185929648273e+03
1.636374804020100555e+03
1.636498422110552838e+03
1.636622040201005120e+03
1.636745658291457403e+03
1.636869276381909685e+03
1.636992894472361968e+03
1.637116512562814250e+03
1.637240130653266306e+03
1.637363748743718588e+03
1.637487366834170871e+03
1.637610984924623153e+03
1.637734603015075436e+03
1.637858221105527718e+03
1.637981839195980001e+03
1.638105457286432284e+03
1.638229075376884566e+03
1.638352693467336849e+03
1.638476311557789131e+03
1.638599929648241186e+03
1.638723547738693469e+03
1.638847165829145752e+03
1.638970783919598034e+03
1.639094402010050317e+03
1.639218020100502599e+03
1.639341638190954882e+03
1.639465256281407164e+03
1.639588874371859447e+03
1.639712492462311729e+03
1.639836110552763785e+03
1.639959728643216067e+03
1.640083346733668350e+03
1.640206964824120632e+03
1.640330582914572915e+03
1.640454201005025197e+03
1.640577819095477480e+03
1.640701437185929763e+03
1.640825055276382045e+03
1.640948673366834328e+03
1.641072291457286610e+03
1.641195909547738665e+03
1.641319527638190948e+03
1.641443145728643231e+03
1.641566763819095513e+03
1.641690381909547796e+03
1.641814000000000078e+03
