2.441648864306642736e+03
2.435607458113245684e+03
2.429566051919844085e+03
2.423524645726436120e+03
2.417483239533023607e+03
2.411441833339616096e+03
2.405396484245124157e+03
2.399345486613669891e+03
2.393286442914346935e+03
2.387222120828625521e+03
2.381157798742896375e+03
2.375093476657164956e+03
2.369029154571427625e+03
2.362964832485690295e+03
2.356900510399949326e+03
2.350836188314202900e+03
2.344754884053449132e+03
2.338606869803132213e+03
2.332429286437308292e+03
2.326251703071480733e+03
2.320074119705652265e+03
2.313896536339825616e+03
2.307712594669211740e+03
2.301509736419039655e+03
2.294903842512141637e+03
2.288004162368858488e+03
2.281097037325072961e+03
2.274189912281293346e+03
2.267282787237511002e+03
2.260375662193730022e+03
2.253468537149939948e+03
2.246561412106148055e+03
2.239654287062355252e+03
2.232747162018581093e+03
2.225840036974796021e+03
2.218932911931000035e+03
2.212025786887202230e+03
2.205384989845032123e+03
2.198891542516857044e+03
2.192772553376724773e+03
2.187305284573995323e+03
2.181923048961060431e+03
2.175789504641977146e+03
2.168187728548140512e+03
2.160281612165033494e+03
2.152375495781943755e+03
2.144197061358794144e+03
2.136422126323054272e+03
2.127723311091355754e+03
2.118975960594951175e+03
2.110194551694289657e+03
2.101413142793636325e+03
2.092631733892973898e+03
2.083850324992316018e+03
2.075068916091659503e+03
2.066287507190997530e+03
2.057506098290329192e+03
2.047995160969803919e+03
2.037183136457913179e+03
2.026064762784769300e+03
2.014946389111642929e+03
2.003828015438520652e+03
1.992709641765398601e+03
1.981591268092284281e+03
1.970472894419158365e+03
1.959354520746034268e+03
1.948236147072899712e+03
1.937117773399775842e+03
1.925999399726649699e+03
1.914881026053504684e+03
1.903762652380364671e+03
1.892532777331357465e+03
1.881064586214846031e+03
1.869385141172416297e+03
1.860166222305374504e+03
1.852090993727937530e+03
1.843768707071528297e+03
1.833983763138073755e+03
1.824283886808020725e+03
1.814458216489906363e+03
1.804632546171785407e+03
1.794806875853673318e+03
1.784981205535573281e+03
1.775155535217466877e+03
1.765329864899353197e+03
1.755504194581235879e+03
1.745678524263139252e+03
1.735852853945052175e+03
1.726027183626932356e+03
1.716201513308808217e+03
1.706375842990689307e+03
1.696550172672588133e+03
1.686724502354487640e+03
1.676898832036377371e+03
1.669266231974131870e+03
1.664792896519473061e+03
1.660457238201979635e+03
1.656121579884488483e+03
1.651785921566994602e+03
1.647450263249495720e+03
1.643114604932000930e+03
1.638778946614499318e+03
1.633992639887633231e+03
1.627462449785584568e+03
1.619135301988090532e+03
1.610808154190589676e+03
1.602481006393100870e+03
1.594153858595602287e+03
1.585826710798097793e+03
1.577499563000615126e+03
1.569173389372335805e+03
1.560859738237243619e+03
1.552558745085649889e+03
1.544257751934053886e+03
1.535956758782460838e+03
1.527655765630862561e+03
1.519354772479263602e+03
1.511053779327667598e+03
1.502752786176076597e+03
1.494684516756373341e+03
1.487280790460898288e+03
1.480164555371985898e+03
1.473048320283069870e+03
1.465932085194165211e+03
1.458815850105256914e+03
1.451699615016350663e+03
1.444583379927435089e+03
1.437467144838517925e+03
1.430513440904569052e+03
1.424154959405510454e+03
1.418079990305200454e+03
1.412005021204888862e+03
1.405930052104572724e+03
1.399855083004265907e+03
1.393780113903955453e+03
1.387705144803640223e+03
1.381630175703333407e+03
1.375555206603032502e+03
1.369480237502723867e+03
1.363405268402414322e+03
1.357330299302105686e+03
1.351255330201805691e+03
1.345180361101492281e+03
1.339105392001180689e+03
1.333500880074248244e+03
1.327447275640009138e+03
1.324123790519678550e+03
1.320972705785673270e+03
1.317397614437359152e+03
1.301917127742364755e+03
1.287777059420761361e+03
1.275399320189407717e+03
1.263802717501752568e+03
1.252166683685645239e+03
1.240453055577679152e+03
1.228723984793971795e+03
1.216990177129464428e+03
1.205247557392906401e+03
1.193504937656328593e+03
1.181762317919763291e+03
1.170019698183197306e+03
1.158277078446642008e+03
1.146534458710059198e+03
1.134791838973476843e+03
1.123049219236896306e+03
1.111306599500338962e+03
1.099563979763775478e+03
1.087821360027217452e+03
1.075080885796869097e+03
1.060654956326076217e+03
1.042580359227142935e+03
1.024505762128225797e+03
1.006431165029293311e+03
9.883565679303558227e+02
9.702819708313909359e+02
9.522073737324537888e+02
9.341327766334810576e+02
9.160581795345257206e+02
8.979835824355815248e+02
8.796019889742181022e+02
8.605920267521556752e+02
8.414191849295975771e+02
8.202593502201268620e+02
7.971706335114976127e+02
7.615415279860229703e+02
7.249732564563687447e+02
6.862770318369640563e+02
6.473051736230245297e+02
6.083333154090664721e+02
5.693614571951470680e+02
5.303895989812449443e+02
4.914177407672993354e+02
4.524458825533263848e+02
4.130755246527394888e+02
3.791690543233313520e+02
3.646208130299498862e+02
3.547703519894462261e+02
3.418728078930316201e+02
3.289598012441760488e+02
nan
