1.616599999999999909e+03
1.616726130653266182e+03
1.616852261306532682e+03
1.616978391959798955e+03
1.617104522613065228e+03
1.617230653266331501e+03
1.617356783919598001e+03
1.617482914572864274e+03
1.617609045226130547e+03
1.617735175879396820e+03
1.617861306532663320e+03
1.617987437185929593e+03
1.618113567839195866e+03
1.618239698492462139e+03
1.618365829145728640e+03
1.618491959798994912e+03
1.618618090452261185e+03
1.618744221105527458e+03
1.618870351758793959e+03
1.618996482412060232e+03
1.619122613065326505e+03
1.619248743718592777e+03
1.619374874371859278e+03
1.619501005025125551e+03
1.619627135678391824e+03
1.619753266331658097e+03
1.619879396984924597e+03
1.620005527638190870e+03
1.620131658291457143e+03
1.620257788944723416e+03
1.620383919597989916e+03
1.620510050251256189e+03
1.620636180904522462e+03
1.620762311557788962e+03
1.620888442211055235e+03
1.621014572864321508e+03
1.621140703517587781e+03
1.621266834170854281e+03
1.621392964824120554e+03
1.621519095477386827e+03
1.621645226130653100e+03
1.621771356783919600e+03
1.621897487437185873e+03
1.622023618090452146e+03
1.622149748743718419e+03
1.622275879396984919e+03
1.622402010050251192e+03
1.622528140703517465e+03
1.622654271356783738e+03
1.622780402010050238e+03
1.622906532663316511e+03
1.623032663316582784e+03
1.623158793969849057e+03
1.623284924623115558e+03
1.623411055276381830e+03
1.623537185929648103e+03
1.623663316582914376e+03
1.623789447236180877e+03
1.623915577889447150e+03
1.624041708542713423e+03
1.624167839195979923e+03
1.624293969849246196e+03
1.624420100502512469e+03
1.624546231155778742e+03
1.624672361809045242e+03
1.624798492462311515e+03
1.624924623115577788e+03
1.625050753768844061e+03
1.625176884422110561e+03
1.625303015075376834e+03
1.625429145728643107e+03
1.625555276381909380e+03
1.625681407035175880e+03
1.625807537688442153e+03
1.625933668341708426e+03
1.626059798994974699e+03
1.626185929648241199e+03
1.626312060301507472e+03
1.626438190954773745e+03
1.626564321608040018e+03
1.626690452261306518e+03
1.626816582914572791e+03
1.626942713567839064e+03
1.627068844221105337e+03
1.627194974874371837e+03
1.627321105527638110e+03
1.627447236180904383e+03
1.627573366834170656e+03
1.627699497487437156e+03
1.627825628140703429e+03
1.627951758793969702e+03
1.628077889447235975e+03
1.628204020100502476e+03
1.628330150753768748e+03
1.628456281407035021e+03
1.628582412060301522e+03
1.628708542713567795e+03
1.628834673366834068e+03
1.628960804020100340e+03
1.629086934673366841e+03
1.629213065326633114e+03
1.629339195979899387e+03
1.629465326633165660e+03
1.629591457286432160e+03
1.629717587939698433e+03
1.629843718592964706e+03
1.629969849246230979e+03
1.630095979899497479e+03
1.630222110552763752e+03
1.630348241206030025e+03
1.630474371859296298e+03
1.630600502512562798e+03
1.630726633165829071e+03
1.630852763819095344e+03
1.630978894472361617e+03
1.631105025125628117e+03
1.631231155778894390e+03
1.631357286432160663e+03
1.631483417085426936e+03
1.631609547738693436e+03
1.631735678391959709e+03
1.631861809045225982e+03
1.631987939698492482e+03
1.632114070351758755e+03
1.632240201005025028e+03
1.632366331658291301e+03
1.632492462311557802e+03
1.632618592964824074e+03
1.632744723618090347e+03
1.632870854271356620e+03
1.632996984924623121e+03
1.633123115577889394e+03
1.633249246231155666e+03
1.633375376884421939e+03
1.633501507537688440e+03
1.633627638190954713e+03
1.633753768844220986e+03
1.633879899497487258e+03
1.634006030150753759e+03
1.634132160804020032e+03
1.634258291457286305e+03
1.634384422110552578e+03
1.634510552763819078e+03
1.634636683417085351e+03
1.634762814070351624e+03
1.634888944723617897e+03
1.635015075376884397e+03
1.635141206030150670e+03
1.635267336683416943e+03
1.635393467336683216e+03
1.635519597989949716e+03
1.635645728643215989e+03
1.635771859296482262e+03
1.635897989949748762e+03
1.636024120603015035e+03
1.636150251256281308e+03
1.636276381909547581e+03
1.636402512562814081e+03
1.636528643216080354e+03
1.636654773869346627e+03
1.636780904522612900e+03
1.636907035175879400e+03
1.637033165829145673e+03
1.637159296482411946e+03
1.637285427135678219e+03
1.637411557788944720e+03
1.637537688442210992e+03
1.637663819095477265e+03
1.637789949748743538e+03
1.637916080402010039e+03
1.638042211055276312e+03
1.638168341708542584e+03
1.638294472361808857e+03
1.638420603015075358e+03
1.638546733668341631e+03
1.638672864321607904e+03
1.638798994974874176e+03
1.638925125628140677e+03
1.639051256281406950e+03
1.639177386934673223e+03
1.639303517587939496e+03
1.639429648241205996e+03
1.639555778894472269e+03
1.639681909547738542e+03
1.639808040201005042e+03
1.639934170854271315e+03
1.640060301507537588e+03
1.640186432160803861e+03
1.640312562814070361e+03
1.640438693467336634e+03
1.640564824120602907e+03
1.640690954773869180e+03
1.640817085427135680e+03
1.640943216080401953e+03
1.641069346733668226e+03
1.641195477386934499e+03
1.641321608040200999e+03
1.641447738693467272e+03
1.641573869346733545e+03
1.641699999999999818e+03
