nan
nan
nan
3.354707703699536978e+02
3.467230197141727785e+02
3.442893129123787048e+02
3.423157251890390285e+02
3.403755013319507725e+02
3.400346281904944590e+02
3.393149133484782851e+02
3.385080387935669819e+02
3.385080387935669819e+02
3.385080387935669819e+02
3.385080387935669819e+02
3.385080387935669819e+02
3.385080387935669819e+02
3.385080387935670387e+02
3.385080387935669251e+02
3.385080387935669819e+02
3.385080387935669819e+02
3.385080387935670387e+02
3.381721184210574620e+02
3.375450886493496228e+02
3.368858703360958202e+02
3.362231998587664634e+02
3.358599687500558844e+02
3.358599687500559412e+02
3.358599687500558844e+02
3.358599687500558844e+02
3.358599687500558844e+02
3.358599687500558844e+02
3.358599687500558275e+02
3.358599687500558844e+02
3.358599687500559412e+02
3.358599687500559412e+02
3.358599687500558844e+02
3.359471323386144377e+02
3.367880168560260472e+02
3.371468690811013289e+02
3.371425231880572255e+02
3.344759997507608205e+02
3.334474670547179471e+02
3.324508204110454699e+02
3.313555196325552856e+02
3.312899210924389308e+02
3.312899210924389308e+02
3.312899210924389308e+02
3.312899210924388740e+02
3.312899210924389308e+02
3.312899210924389308e+02
3.312899210924389308e+02
3.313442396269954315e+02
3.314715322586652064e+02
3.315974168526092285e+02
3.316038656679103269e+02
3.316004861518998155e+02
3.316089559020596198e+02
3.315332625074542534e+02
3.303716205833329695e+02
3.292099786592117425e+02
3.279122080933057077e+02
3.269530959121532874e+02
3.268512987682345283e+02
3.245702272760138953e+02
3.222891557837933760e+02
3.198907896772584536e+02
3.173883246110867731e+02
3.171708216202479775e+02
3.113363521996769805e+02
2.967950513345432455e+02
2.900233851423091664e+02
2.832517189500750874e+02
2.764800527578412357e+02
2.512456910996377246e+02
2.254902102617227229e+02
2.142931455739253011e+02
2.099074336133784300e+02
2.021123219525875925e+02
1.953352103863772982e+02
1.885580988201672312e+02
1.836773576853423720e+02
1.836773576853423720e+02
1.836773576853423720e+02
1.826741283182289806e+02
1.798698616360110236e+02
1.770655949537929814e+02
1.739101227919291262e+02
1.699136138829884715e+02
1.683968463118292789e+02
1.668307814994035425e+02
1.651762494353357340e+02
1.618337829457978216e+02
1.584681131224019452e+02
1.580930966720723916e+02
1.605308864105555813e+02
1.645040489354632030e+02
1.653149685977297452e+02
1.661298594091640268e+02
1.665777641861672294e+02
1.640424376699047571e+02
1.606727237266234738e+02
1.561120062948208442e+02
1.487226987066603385e+02
1.385579946394519766e+02
1.317838866869701349e+02
1.356671569857555255e+02
1.312301038849813892e+02
1.218701581556434377e+02
1.210012120689205233e+02
1.222555201217482193e+02
1.219503673867693436e+02
1.235297005608805847e+02
1.238778698151738809e+02
1.248887641717910100e+02
1.269450373541909585e+02
1.269450373541909585e+02
1.269450373541909585e+02
1.269450373541909585e+02
1.266583156293159504e+02
1.269450373541909585e+02
1.269450373541909585e+02
1.269450373541909585e+02
1.269450373541909585e+02
1.269450373541909443e+02
1.255188528076670451e+02
1.235481820468398553e+02
1.215775112860126796e+02
1.196068405251855324e+02
1.177465648019362732e+02
1.146301477852956907e+02
1.115137307686552219e+02
1.079889953275430940e+02
1.057827458370100828e+02
1.057827458370100828e+02
1.057827458370100828e+02
1.057827458370100828e+02
1.057827458370100828e+02
1.057827458370100828e+02
1.057827458370100828e+02
1.057827458370100828e+02
1.058100680535547156e+02
1.058649328059790662e+02
1.059197975584034452e+02
1.045781554307913837e+02
1.023061498277854895e+02
1.000341442247795385e+02
9.776213862177358749e+01
9.568541810910637935e+01
9.470602249106553927e+01
9.377945075158748978e+01
9.389137388143393537e+01
9.408530338584418473e+01
9.427923289025443410e+01
9.441514744855332708e+01
9.432280522536694889e+01
9.404584970770702057e+01
9.311938785577531519e+01
9.251061267297866664e+01
9.208033764159051771e+01
9.165006261020238298e+01
9.098681769261663987e+01
9.072176512620924882e+01
9.045671255980188619e+01
9.029355743510063803e+01
9.029355743510065224e+01
9.068688586986729661e+01
1.068492404943666401e+02
1.300707143634288059e+02
1.456901802784992981e+02
1.354175664832823429e+02
1.369662672660376472e+02
1.546479034121901748e+02
1.723295395583421907e+02
1.625666535673762212e+02
1.488161289851854576e+02
1.670552548406534470e+02
1.873527385678182213e+02
1.878239297800686813e+02
1.865365011610809063e+02
1.892820800576668887e+02
1.904402156117415075e+02
1.678600027420333731e+02
1.452797898723245851e+02
1.250345611500217586e+02
1.375511822541439528e+02
1.399073233663811493e+02
1.422634644786184026e+02
1.452298740481497816e+02
1.651383136368090732e+02
2.003527309598793522e+02
2.355671482829506544e+02
2.707815656060209335e+02
3.036102084452560348e+02
3.323303463996227833e+02
3.610504843539887361e+02
3.909141562968054018e+02
4.124236906441993824e+02
4.441370769183554330e+02
6.970266380879918415e+02
7.312593404873880445e+02
