nan
nan
nan
2.366497431408407920e+03
2.364031305510303355e+03
2.361567482685361028e+03
2.359101775053761230e+03
2.356383447272163721e+03
2.353246608651381393e+03
2.350387001745433736e+03
2.347300015253504171e+03
2.344213028761571422e+03
2.341126042269644586e+03
2.338039055777710473e+03
2.334952069285774542e+03
2.331865082793837246e+03
2.327614875185114215e+03
2.321877744753520346e+03
2.315747984054587050e+03
2.309618223355646478e+03
2.303488462656706815e+03
2.297358701957778067e+03
2.291228941258829764e+03
2.285099180559877823e+03
2.278969419860940434e+03
2.272839659161997588e+03
2.266709898463056561e+03
2.260656384164379233e+03
2.254672335721844775e+03
2.248699590831303340e+03
2.242726845940772364e+03
2.236754101050242753e+03
2.230781554254639559e+03
2.224826365642487417e+03
2.218879839447092309e+03
2.212938605920382543e+03
2.206997372393675505e+03
2.201056138866958463e+03
2.195114905340239602e+03
2.189173671813517103e+03
2.183232438286797787e+03
2.177291204760091659e+03
2.171349971233378710e+03
2.165408737706655302e+03
2.159498521829536458e+03
2.153817209422785709e+03
2.148170005086063611e+03
2.142522800749344697e+03
2.136875596412634877e+03
2.131228392075916418e+03
2.125581187739199777e+03
2.119933983402477224e+03
2.114286779065759674e+03
2.108639574729044853e+03
2.102992370392327757e+03
2.097345166055609297e+03
2.091697961718886290e+03
2.085651196456618891e+03
2.080095904370932658e+03
2.073716448932771527e+03
2.066369523040567856e+03
2.057876662002630837e+03
2.049345821587794489e+03
2.040812107997480780e+03
2.032278394407161613e+03
2.023744680816845175e+03
2.015210967226526918e+03
2.006677253636199794e+03
1.998143540045873806e+03
1.989609826455550774e+03
1.981076112865232290e+03
1.972542399274906529e+03
1.964008685684581451e+03
1.955474972094267741e+03
1.946941258503951985e+03
1.938407544913634638e+03
1.929751639019684490e+03
1.920188802353751726e+03
1.910572586508785434e+03
1.900956370663797543e+03
1.891340154818821702e+03
1.881723938973845861e+03
1.872107723128893440e+03
1.862549685169839222e+03
1.854653435471740977e+03
1.847484832982506532e+03
1.840344924203130859e+03
1.833205015423746772e+03
1.826065106644352682e+03
1.818925197864968823e+03
1.811785289085568138e+03
1.804645380306180414e+03
1.797505471526791325e+03
1.790365562747411559e+03
1.783225653968020879e+03
1.776458632423632935e+03
1.770540943608863472e+03
1.764623254794090371e+03
1.758705565979320454e+03
1.752787877164536667e+03
1.746870188349759246e+03
1.740952499534988647e+03
1.735034810720220548e+03
1.729060477769019144e+03
1.722876203285638894e+03
1.715669821710165706e+03
1.707504824419519991e+03
1.699339827128876095e+03
1.691174829838220830e+03
1.683009832547567157e+03
1.674844835256915076e+03
1.666679837966293007e+03
1.658514840675667983e+03
1.650349843385027953e+03
1.642184846094378372e+03
1.634299246244008827e+03
1.628084592847660133e+03
1.621962920498294125e+03
1.615554340886340015e+03
1.608254149022208821e+03
1.600174269713508465e+03
1.592027513027948999e+03
1.583880756342388395e+03
1.575733999656817105e+03
1.567587242971241722e+03
1.559440486285672705e+03
1.551293729600103461e+03
1.543154232564257882e+03
1.535930651559908711e+03
1.529875064180086611e+03
1.523819476800276334e+03
1.517763889420467876e+03
1.511708302040656690e+03
1.505670203335846736e+03
1.499706999250553508e+03
1.493791100688465576e+03
1.487875202126378554e+03
1.481959303564286984e+03
1.476043405002200188e+03
1.470127506440095658e+03
1.464211607877999086e+03
1.457920975421646972e+03
1.450873848755900781e+03
1.442629746518065986e+03
1.434384809251202341e+03
1.426139871984354386e+03
1.417894934717509841e+03
1.409603158713171069e+03
1.399220601360628507e+03
1.386000894170492302e+03
1.372781186980378152e+03
1.359561479790235126e+03
1.346341772600104377e+03
1.333122065409968400e+03
1.319902358219859252e+03
1.306682651029729186e+03
1.293462943839585932e+03
1.280856840597376504e+03
1.269660576670670252e+03
1.258590872958271348e+03
1.247521169245878809e+03
1.233438177308090189e+03
1.212425842053787392e+03
1.184767937649261057e+03
1.157110033244775650e+03
1.129452128840331625e+03
1.103637248749642595e+03
1.078788160311429010e+03
1.053980486649575596e+03
1.029172812987774478e+03
1.004365139325939026e+03
9.795574656640955027e+02
9.547497920022644848e+02
9.299421183404424482e+02
9.051344446786630442e+02
8.803267710168420308e+02
8.555190973550343188e+02
8.290762363567780540e+02
7.936759607415392566e+02
7.546712142550154567e+02
7.160414801568381336e+02
6.799220530282556183e+02
6.468605585061615102e+02
6.139342473343806432e+02
5.810079361626349055e+02
5.480816249908945110e+02
5.151553138191229664e+02
4.871017167582714364e+02
4.679002570695623717e+02
4.506225693546871298e+02
4.316602381412695877e+02
4.125559338291095060e+02
3.934516295169433988e+02
3.744342406773888570e+02
3.568572999761094593e+02
3.504822132948823992e+02
3.437554452571711749e+02
3.365454086046794373e+02
3.301305427870511267e+02
3.463684864095984040e+02
