1.615814000000000078e+03 1.064140939506524608e-01 3.504273587331413475e-02
1.615944653266331670e+03 1.063242898108976847e-01 3.501316288506685359e-02
1.616075306532663490e+03 1.062401508706980469e-01 3.498545547763041996e-02
1.616205959798995082e+03 1.061560119304983951e-01 3.495774807019399327e-02
1.616336613065326674e+03 1.056743750587541275e-01 3.479914244704022247e-02
1.616467266331658266e+03 1.050945502416067018e-01 3.460820300315866488e-02
1.616597919597990085e+03 1.045147254244592760e-01 3.441726355927710035e-02
1.616728572864321677e+03 1.041702145833188209e-01 3.430381427860963728e-02
1.616859226130653269e+03 1.045076125603275480e-01 3.441492125470242691e-02
1.616989879396985089e+03 1.048450105373362751e-01 3.452602823079521654e-02
1.617120532663316681e+03 1.048728908356074130e-01 3.453520936359553289e-02
1.617251185929648273e+03 1.046088236352069739e-01 3.444825060829444230e-02
1.617381839195979865e+03 1.042741145266265074e-01 3.433802909109746893e-02
1.617512492462311684e+03 1.040535755137349944e-01 3.426540440303589563e-02
1.617643145728643276e+03 1.040535755137349944e-01 3.426540440303589563e-02
1.617773798994974868e+03 1.040535755137349944e-01 3.426540440303589563e-02
1.617904452261306687e+03 1.040535755137349944e-01 3.426540440303589563e-02
1.618035105527638279e+03 1.040535755137349805e-01 3.426540440303589563e-02
1.618165758793969871e+03 1.040535755137349944e-01 3.426540440303589563e-02
1.618296412060301691e+03 1.040535755137349805e-01 3.426540440303589563e-02
1.618427065326633283e+03 1.040535755137349944e-01 3.426540440303589563e-02
1.618557718592964875e+03 1.040535755137349944e-01 3.426540440303589563e-02
1.618688371859296467e+03 1.040535755137349944e-01 3.426540440303589563e-02
1.618819025125628286e+03 1.040471425193088134e-01 3.426328598322719854e-02
1.618949678391959878e+03 1.040310710444890957e-01 3.425799355976814897e-02
1.619080331658291470e+03 1.040117646296447318e-01 3.425163585308729775e-02
1.619210984924623290e+03 1.040101927756537648e-01 3.425111823307860209e-02
1.619341638190954882e+03 1.040101927756537648e-01 3.425111823307860209e-02
1.619472291457286474e+03 1.039551999396451376e-01 3.423300879516835010e-02
1.619602944723618066e+03 1.034910521472590661e-01 3.408016242030458692e-02
1.619733597989949885e+03 1.028320105013668939e-01 3.386313644687265201e-02
1.619864251256281477e+03 1.020981269586598017e-01 3.362146463260352186e-02
1.619994904522613069e+03 1.018408565125017984e-01 3.353674408518330513e-02
1.620125557788944889e+03 1.018408565125017984e-01 3.353674408518330513e-02
1.620256211055276481e+03 1.018408565125017984e-01 3.353674408518330513e-02
1.620386864321608073e+03 1.018408565125017984e-01 3.353674408518330513e-02
1.620517517587939892e+03 1.018408565125017984e-01 3.353674408518330513e-02
1.620648170854271484e+03 1.015961340359683440e-01 3.345615565193123253e-02
1.620778824120603076e+03 1.013551544803961424e-01 3.337679978276696796e-02
1.620909477386934668e+03 1.010553202747749985e-01 3.327806275947157999e-02
1.621040130653266488e+03 1.007142946244877907e-01 3.316576117097544407e-02
1.621170783919598080e+03 1.006624495548754522e-01 3.314868830954037504e-02
1.621301437185929672e+03 1.006624495548754522e-01 3.314868830954037504e-02
1.621432090452261491e+03 1.006624495548754522e-01 3.314868830954037504e-02
1.621562743718593083e+03 1.006624495548754661e-01 3.314868830954037504e-02
1.621693396984924675e+03 1.006624495548754383e-01 3.314868830954037504e-02
1.621824050251256267e+03 1.006624495548754661e-01 3.314868830954037504e-02
1.621954703517588086e+03 1.008268840215070794e-01 3.320283746750165438e-02
1.622085356783919678e+03 1.003313817728461038e-01 3.303966590084323612e-02
1.622216010050251271e+03 9.935927490159310316e-02 3.271954585785571273e-02
1.622346663316583090e+03 9.856531964789050360e-02 3.245809210471247569e-02
1.622477316582914682e+03 9.854796855864692007e-02 3.245237829731248413e-02
1.622607969849246274e+03 9.852200729339712082e-02 3.244382911245067419e-02
1.622738623115577866e+03 9.848852011817225971e-02 3.243280160478713425e-02
1.622869276381909685e+03 9.848521418380232206e-02 3.243171294274398153e-02
1.622999929648241277e+03 9.848521418380232206e-02 3.243171294274398153e-02
1.623130582914572869e+03 9.848521418380232206e-02 3.243171294274398153e-02
1.623261236180904689e+03 9.848521418380232206e-02 3.243171294274398153e-02
1.623391889447236281e+03 9.848521418380232206e-02 3.243171294274398153e-02
1.623522542713567873e+03 9.848521418380232206e-02 3.243171294274398153e-02
1.623653195979899465e+03 9.848521418380232206e-02 3.243171294274398153e-02
1.623783849246231284e+03 9.848521418380232206e-02 3.243171294274398153e-02
1.623914502512562876e+03 9.848521418380233594e-02 3.243171294274398153e-02
1.624045155778894468e+03 9.848521418380232206e-02 3.243171294274398153e-02
1.624175809045226288e+03 9.848521418380232206e-02 3.243171294274398153e-02
1.624306462311557880e+03 9.848521418380232206e-02 3.243171294274398153e-02
1.624437115577889472e+03 9.841230729596722737e-02 3.240770431081470282e-02
1.624567768844221291e+03 9.821271966742589621e-02 3.234197902677671266e-02
1.624698422110552883e+03 9.804379625959591671e-02 3.228635163623436860e-02
1.624829075376884475e+03 9.794259392154763821e-02 3.225302515972809647e-02
1.624959728643216067e+03 9.780490875950534346e-02 3.220768469223930786e-02
1.625090381909547887e+03 9.782471268803076547e-02 3.221420623286241208e-02
1.625221035175879479e+03 9.825604742340404707e-02 3.235624709083075035e-02
1.625351688442211071e+03 9.865714554574767092e-02 3.248833086882250976e-02
1.625482341708542890e+03 9.832791737892104811e-02 3.237991425534729462e-02
1.625612994974874482e+03 9.814904654897356473e-02 3.232101112497623441e-02
1.625743648241206074e+03 9.826036813150311466e-02 3.235766992334352526e-02
1.625874301507537666e+03 9.861493008402233418e-02 3.247442908927339333e-02
1.626004954773869486e+03 9.862536888984725636e-02 3.247786664441090071e-02
1.626135608040201078e+03 9.852481494395926021e-02 3.244475368694491046e-02
1.626266261306532670e+03 9.846223739748977133e-02 3.242414656291538189e-02
1.626396914572864489e+03 9.837897942812093288e-02 3.239672926393152852e-02
1.626527567839196081e+03 9.829572145875208056e-02 3.236931196494768209e-02
1.626658221105527673e+03 9.829502987990115792e-02 3.236908422429689985e-02
1.626788874371859265e+03 9.818008250353386923e-02 3.233123143243606806e-02
1.626919527638191084e+03 9.796253381870129173e-02 3.225959147555482881e-02
1.627050180904522676e+03 1.208960769729711393e-01 3.418457215574718239e-02
1.627180834170854268e+03 2.155039828578447225e-01 4.229537342365206898e-02
1.627311487437186088e+03 3.158424525415577944e-01 5.096552827406941599e-02
1.627442140703517680e+03 3.561642397174418773e-01 5.448162628280713710e-02
1.627572793969849272e+03 3.568922996770187428e-01 5.459431888803873562e-02
1.627703447236181091e+03 3.569624911320196103e-01 5.460518355275348346e-02
1.627834100502512683e+03 3.569624911320196103e-01 5.460518355275347652e-02
1.627964753768844275e+03 3.569624911320196103e-01 5.460518355275348346e-02
1.628095407035175867e+03 3.569624911320196659e-01 5.460518355275348346e-02
1.628226060301507687e+03 3.569624911320196103e-01 5.460518355275349039e-02
1.628356713567839279e+03 3.569624911320196103e-01 5.460518355275349039e-02
1.628487366834170871e+03 3.572933686429839439e-01 5.465640740233059652e-02
1.628618020100502690e+03 3.575154899969288369e-01 5.469079448046467590e-02
1.628748673366834282e+03 3.581795964592125459e-01 5.479360621108990415e-02
1.628879326633165874e+03 3.585541958572884269e-01 5.485159873878631132e-02
1.629009979899497466e+03 3.608539632701332489e-01 5.520795035845981608e-02
1.629140633165829286e+03 3.631182630936741207e-01 5.555870636169868426e-02
1.629271286432160878e+03 3.653195790437173684e-01 5.589968293783952047e-02
1.629401939698492470e+03 3.662554895612788464e-01 5.604469660310369694e-02
1.629532592964824289e+03 3.678373198961795154e-01 5.628986929380473681e-02
1.629663246231155881e+03 3.697067852022234424e-01 5.657962340279000524e-02
1.629793899497487473e+03 3.715762505082673695e-01 5.686937751177527367e-02
1.629924552763819065e+03 3.716634375806233681e-01 5.688289090107642026e-02
1.630055206030150885e+03 3.716634375806233681e-01 5.688289090107642026e-02
1.630185859296482477e+03 3.716634375806233681e-01 5.688289090107641333e-02
1.630316512562814069e+03 3.716634375806233681e-01 5.688289090107641333e-02
1.630447165829145888e+03 3.716634375806233681e-01 5.688289090107642026e-02
1.630577819095477480e+03 3.716634375806233681e-01 5.688289090107642026e-02
1.630708472361809072e+03 3.721714347571297155e-01 5.696172386486132028e-02
1.630839125628140891e+03 3.791437011305892057e-01 5.804370708826751130e-02
1.630969778894472483e+03 3.833426240167485677e-01 5.869531215839143140e-02
1.631100432160804075e+03 3.833426240167485677e-01 5.869531215839142446e-02
1.631231085427135667e+03 3.833426240167485677e-01 5.869531215839143834e-02
1.631361738693467487e+03 3.833426240167485677e-01 5.869531215839143834e-02
1.631492391959799079e+03 3.833426240167485677e-01 5.869531215839143140e-02
1.631623045226130671e+03 3.870191487994485424e-01 5.926679159680656866e-02
1.631753698492462490e+03 3.909829688789025481e-01 5.988292824945315451e-02
1.631884351758794082e+03 3.967612706692062452e-01 6.078110814957362468e-02
1.632015005025125674e+03 3.992812668378818985e-01 6.117281664615703551e-02
1.632145658291457266e+03 3.992812668378818985e-01 6.117281664615703551e-02
1.632276311557789086e+03 3.992812668378818985e-01 6.117281664615704245e-02
1.632406964824120678e+03 3.992812668378818985e-01 6.117281664615703551e-02
1.632537618090452270e+03 3.992812668378818985e-01 6.117281664615703551e-02
1.632668271356784089e+03 4.010853566916944835e-01 6.145371667762842410e-02
1.632798924623115681e+03 4.039895564611981627e-01 6.190593773364815727e-02
1.632929577889447273e+03 4.068937562307019529e-01 6.235815878966791820e-02
1.633060231155778865e+03 4.109685114130681161e-01 6.299342636347654567e-02
1.633190884422110685e+03 4.157708551426905763e-01 6.374198887553975124e-02
1.633321537688442277e+03 4.206593689579943840e-01 6.450392960062975578e-02
1.633452190954773869e+03 4.222321544731309495e-01 6.474861046295223022e-02
1.633582844221105688e+03 4.211914638427118884e-01 6.458626854861666822e-02
1.633713497487437280e+03 4.201950187488572297e-01 6.443082869037414229e-02
1.633844150753768872e+03 4.192383138619040217e-01 6.428158808201042684e-02
1.633974804020100692e+03 4.182606423731460854e-01 6.412907680110040143e-02
1.634105457286432284e+03 4.194120004944501545e-01 6.430868222468630324e-02
1.634236110552763876e+03 4.203147083481022506e-01 6.444949959803829287e-02
1.634366763819095468e+03 4.211644529581218821e-01 6.458205500178143543e-02
1.634497417085427287e+03 4.214899660602923204e-01 6.463283192077504125e-02
1.634628070351758879e+03 4.229645248679272385e-01 6.486284631450095484e-02
1.634758723618090471e+03 4.244390836755621566e-01 6.509286070822685455e-02
1.634889376884422290e+03 4.268028069755879228e-01 6.546181985959136085e-02
1.635020030150753882e+03 4.311316617857618994e-01 6.613785911114224148e-02
1.635150683417085475e+03 4.361880033392387945e-01 6.692749672036715780e-02
1.635281336683417067e+03 4.362176565661913807e-01 6.693201167739845636e-02
1.635411989949748886e+03 4.352471939936778944e-01 6.678037571334698164e-02
1.635542643216080478e+03 4.351434486392108947e-01 6.676416537480737989e-02
1.635673296482412070e+03 4.352450368028824013e-01 6.678003864964644765e-02
1.635803949748743889e+03 4.353466249665539078e-01 6.679591192448554315e-02
1.635934603015075481e+03 4.354482131302254144e-01 6.681178519932461091e-02
1.636065256281407073e+03 4.362927765630217336e-01 7.091796526866285533e-02
1.636195909547738665e+03 4.413460073242405635e-01 9.609186266944748367e-02
1.636326562814070485e+03 4.501689385091097728e-01 1.351274919971949262e-01
1.636457216080402077e+03 4.510294556365517793e-01 1.580186886036147043e-01
1.636587869346733669e+03 4.462887634942265258e-01 1.560832983910228344e-01
1.636718522613065488e+03 4.415480713519011058e-01 1.541479081784308813e-01
1.636849175879397080e+03 4.368073792095756858e-01 1.522125179658389282e-01
1.636979829145728672e+03 4.489210855222373620e-01 1.571579453278946492e-01
1.637110482412060492e+03 4.473806656870576437e-01 1.565290680705693216e-01
1.637241135678392084e+03 4.536095562114748070e-01 1.590720161031218549e-01
1.637371788944723676e+03 4.466789248323662642e-01 1.562916739261550059e-01
1.637502442211055268e+03 4.319327526125139594e-01 1.503510712602762478e-01
1.637633095477387087e+03 4.171865803926616545e-01 1.444104685943974897e-01
1.637763748743718679e+03 4.024404081728097937e-01 1.384698659285188982e-01
1.637894402010050271e+03 3.876942359529574333e-01 1.325292632626401401e-01
1.638025055276382091e+03 3.768902735447091090e-01 1.282147522234018955e-01
1.638155708542713683e+03 3.714286942030314287e-01 1.261331051540975356e-01
1.638286361809045275e+03 3.712168721139578187e-01 1.260523704795009359e-01
1.638417015075376867e+03 3.531770477491835702e-01 1.191838442352678856e-01
1.638547668341708686e+03 3.391099717195829588e-01 1.138733108419335005e-01
1.638678321608040278e+03 3.294052737428852518e-01 1.102936669210598242e-01
1.638808974874371870e+03 3.030306844953588596e-01 1.012007142424223155e-01
1.638939628140703689e+03 2.728148356593081969e-01 9.095553154542417029e-02
1.639070281407035282e+03 2.402451834098404959e-01 8.005514250459511150e-02
1.639200934673366874e+03 2.220921414916931513e-01 7.423503570867338863e-02
1.639331587939698466e+03 2.197787807354877887e-01 7.353248368239585775e-02
1.639462241206030285e+03 2.267022420994871668e-01 7.563509210483257417e-02
1.639592894472361877e+03 2.265816067208302198e-01 7.559845595567646348e-02
1.639723547738693469e+03 2.215301685548280997e-01 7.406436832597113051e-02
1.639854201005025288e+03 1.978478635570976307e-01 6.753428438987871263e-02
1.639984854271356880e+03 1.594278025758909811e-01 5.734300711679393703e-02
1.640115507537688472e+03 1.337142259741911920e-01 5.059444940080214115e-02
1.640246160804020292e+03 1.281389977494537258e-01 4.927047475587517655e-02
1.640376814070351884e+03 1.303389192398291263e-01 4.979533509296342475e-02
1.640507467336683476e+03 1.310370753810710109e-01 4.996148734568230110e-02
1.640638120603015068e+03 1.371849814484855379e-01 5.143035339394465277e-02
1.640768773869346887e+03 1.672906279473286573e-01 5.894994849167758955e-02
1.640899427135678479e+03 nan nan
1.641030080402010071e+03 nan nan
1.641160733668341891e+03 nan nan
1.641291386934673483e+03 nan nan
1.641422040201005075e+03 nan nan
1.641552693467336667e+03 nan nan
1.641683346733668486e+03 nan nan
1.641814000000000078e+03 nan nan
