1.612599999999999909e+03 nan nan
1.612775879396984919e+03 nan nan
1.612951758793969702e+03 nan nan
1.613127638190954713e+03 nan nan
1.613303517587939496e+03 nan nan
1.613479396984924506e+03 nan nan
1.613655276381909516e+03 nan nan
1.613831155778894299e+03 nan nan
1.614007035175879309e+03 nan nan
1.614182914572864320e+03 nan nan
1.614358793969849103e+03 nan nan
1.614534673366834113e+03 nan nan
1.614710552763818896e+03 nan nan
1.614886432160803906e+03 nan nan
1.615062311557788917e+03 nan nan
1.615238190954773700e+03 nan nan
1.615414070351758710e+03 nan nan
1.615589949748743720e+03 nan nan
1.615765829145728503e+03 nan nan
1.615941708542713513e+03 nan nan
1.616117587939698296e+03 nan nan
1.616293467336683307e+03 nan nan
1.616469346733668317e+03 nan nan
1.616645226130653100e+03 nan nan
1.616821105527638110e+03 nan nan
1.616996984924623121e+03 1.394812743944824074e-01 4.603582674367522054e-02
1.617172864321607904e+03 1.397191143968104232e-01 4.611432589123051762e-02
1.617348743718592914e+03 1.397177600755321880e-01 4.611387889718067401e-02
1.617524623115577697e+03 1.397177600755321880e-01 4.611387889718066707e-02
1.617700502512562707e+03 1.397177600755321880e-01 4.611387889718066707e-02
1.617876381909547717e+03 1.397177600755321880e-01 4.611387889718066707e-02
1.618052261306532500e+03 1.397841378979338134e-01 4.613578691275455751e-02
1.618228140703517511e+03 1.398956717557269247e-01 4.617259868821114999e-02
1.618404020100502521e+03 1.399192774630074743e-01 4.618038975733666091e-02
1.618579899497487304e+03 1.397577213622641090e-01 4.612706812907150372e-02
1.618755778894472314e+03 1.397076116317547967e-01 4.611052940097401520e-02
1.618931658291457097e+03 1.397313891415789266e-01 4.611837717356867539e-02
1.619107537688442108e+03 1.398468433803836120e-01 4.615648287168130914e-02
1.619283417085427118e+03 1.397530023367161423e-01 4.612551061360235793e-02
1.619459296482411901e+03 1.396749950520708439e-01 4.609976429133602616e-02
1.619635175879396911e+03 1.488981675821702266e-01 4.495099307604191047e-02
1.619811055276381921e+03 1.803958731473893629e-01 4.011878025453419899e-02
1.619986934673366704e+03 2.212365155663240657e-01 3.401881006828365306e-02
1.620162814070351715e+03 2.204588192075588871e-01 3.389941767827850394e-02
1.620338693467336498e+03 2.221307595771637722e-01 3.415609492052530671e-02
1.620514572864321508e+03 2.221307595771637722e-01 3.415609492052530671e-02
1.620690452261306518e+03 2.228188118043688826e-01 3.426180019110872804e-02
1.620866331658291301e+03 2.220489506114621259e-01 3.414353348148925493e-02
1.621042211055276312e+03 2.213544107342981793e-01 3.403688966500443419e-02
1.621218090452261322e+03 2.211099222341551540e-01 3.399934943499148543e-02
1.621393969849246105e+03 2.207062286418423058e-01 3.393736390069718167e-02
1.621569849246231115e+03 2.204039747776299074e-01 3.389095403038343973e-02
1.621745728643215898e+03 2.213167209703910121e-01 3.403112681290345470e-02
1.621921608040200908e+03 2.219481934648493415e-01 3.412810366948755558e-02
1.622097487437185919e+03 2.240222803367369342e-01 3.444662652975962608e-02
1.622273366834170702e+03 2.245893337084122754e-01 3.453371037582272929e-02
1.622449246231155712e+03 2.245893337084123031e-01 3.453371037582272929e-02
1.622625125628140722e+03 2.234658804905476082e-01 3.436117428979268418e-02
1.622801005025125505e+03 2.221273402697332977e-01 3.415560588069413428e-02
1.622976884422110516e+03 2.215447925173865129e-01 3.406616725562076897e-02
1.623152763819095298e+03 2.219631305131896659e-01 3.413042883675948547e-02
1.623328643216080309e+03 2.237341272612069776e-01 3.440247453272980704e-02
1.623504522613065319e+03 2.246150128961353354e-01 3.453778881034925974e-02
1.623680402010050102e+03 2.268453469286877411e-01 3.488039405500106133e-02
1.623856281407035112e+03 2.278316469562905178e-01 3.503190120923222600e-02
1.624032160804019895e+03 2.278316469562904900e-01 3.503190120923222600e-02
1.624208040201004906e+03 2.278316469562905178e-01 3.503190120923222600e-02
1.624383919597989916e+03 2.274842767014160771e-01 3.497852222747299678e-02
1.624559798994974699e+03 2.269301428300906087e-01 3.489337071724842032e-02
1.624735678391959709e+03 2.258381812938212441e-01 3.472557340556617356e-02
1.624911557788944720e+03 2.257961424938224326e-01 3.471911347324085906e-02
1.625087437185929502e+03 2.257961424938224049e-01 3.471911347324085906e-02
1.625263316582914513e+03 2.257961424938224049e-01 3.471911347324085906e-02
1.625439195979899523e+03 2.229099244641109534e-01 3.427618061846264552e-02
1.625615075376884306e+03 2.183210625273111494e-01 3.357195186757614552e-02
1.625790954773869316e+03 2.137322005905114564e-01 3.286772311668965940e-02
1.625966834170854099e+03 2.092144334462385513e-01 3.217440491347822729e-02
1.626142713567839110e+03 2.092144334462385236e-01 3.217440491347822035e-02
1.626318592964824120e+03 2.092144334462385236e-01 3.217440491347822035e-02
1.626494472361808903e+03 2.092144334462385236e-01 3.217440491347822035e-02
1.626670351758793913e+03 2.092144334462385236e-01 3.217440491347822035e-02
1.626846231155778696e+03 2.092144334462385236e-01 3.217440491347822035e-02
1.627022110552763706e+03 2.092135288376036351e-01 3.217426625786892064e-02
1.627197989949748717e+03 2.089400139164795389e-01 3.213234273804160129e-02
1.627373869346733500e+03 2.086874589349035358e-01 3.209363189281943390e-02
1.627549748743718510e+03 2.084648384337986493e-01 3.205950931203414844e-02
1.627725628140703520e+03 2.089041884257737680e-01 3.212691455574510913e-02
1.627901507537688303e+03 2.087305448463079582e-01 3.210027852398648907e-02
1.628077386934673314e+03 2.118709461651246961e-01 3.258199993009962270e-02
1.628253266331658097e+03 2.144447735821702894e-01 3.297681181449244742e-02
1.628429145728643107e+03 2.156903494673678146e-01 3.316774914060168639e-02
1.628605025125628117e+03 2.168653660834152785e-01 3.334784890116408024e-02
1.628780904522612900e+03 2.128782005502379282e-01 3.273655369814915117e-02
1.628956783919597910e+03 2.083443818691511906e-01 3.204166675790339619e-02
1.629132663316582921e+03 2.113768099994156047e-01 3.250643935980407351e-02
1.629308542713567704e+03 2.144154923969202875e-01 3.297217053745110649e-02
1.629484422110552714e+03 2.159451063524856218e-01 3.320661060577011908e-02
1.629660301507537497e+03 2.159451063524856218e-01 3.320661060577011908e-02
1.629836180904522507e+03 2.148178436413575032e-01 3.303383789665039622e-02
1.630012060301507518e+03 2.103154967297748146e-01 3.234377455504259397e-02
1.630187939698492301e+03 2.098364250514138107e-01 3.227078721951373574e-02
1.630363819095477311e+03 2.165662371645106776e-01 3.330336817406204242e-02
1.630539698492462321e+03 2.164608417837343146e-01 3.328700708177370626e-02
1.630715577889447104e+03 2.109511715568468671e-01 3.244119354322951704e-02
1.630891457286432114e+03 2.092811443717367270e-01 3.218492545769743168e-02
1.631067336683416897e+03 2.068804609972846043e-01 3.181690140520281040e-02
1.631243216080401908e+03 2.045852574264176438e-01 3.146504737545456620e-02
1.631419095477386918e+03 2.045852574264175883e-01 3.146504737545456620e-02
1.631594974874371701e+03 2.045852574264176438e-01 3.146504737545456620e-02
1.631770854271356711e+03 2.045852574264176160e-01 3.146504737545456620e-02
1.631946733668341722e+03 2.045852574264176160e-01 3.146504737545456620e-02
1.632122613065326505e+03 2.044894912154930633e-01 3.145037785921128010e-02
1.632298492462311515e+03 2.043177155385740296e-01 3.142406517482669581e-02
1.632474371859296298e+03 2.041459398616549681e-01 3.139775249044211153e-02
1.632650251256281308e+03 2.035865973799650397e-01 3.131221128572714979e-02
1.632826130653266318e+03 2.324275532126226229e-01 4.590339094480155174e-02
1.633002010050251101e+03 4.033464770590406978e-01 1.281372562990571173e-01
1.633177889447236112e+03 5.908512586072982575e-01 2.180853168936480180e-01
1.633353768844221122e+03 5.923223601641791625e-01 2.187708536685243621e-01
1.633529648241205905e+03 5.919340148491989417e-01 2.185954373240178994e-01
1.633705527638190915e+03 5.919262733046786185e-01 2.185919429608205733e-01
1.633881407035175698e+03 5.919297578508869728e-01 2.185935144294865740e-01
1.634057286432160709e+03 5.910762246439927869e-01 2.182086035592731288e-01
1.634233165829145719e+03 5.897045387059148824e-01 2.175900256014144662e-01
1.634409045226130502e+03 5.878971220275482912e-01 2.167749497251754143e-01
1.634584924623115512e+03 5.874054158618380317e-01 2.165532090282650257e-01
1.634760804020100522e+03 5.870813351919303980e-01 2.164073826155648028e-01
1.634936683417085305e+03 5.860284960241869401e-01 2.159336371156368450e-01
1.635112562814070316e+03 5.851824055809353720e-01 2.155529222331523109e-01
1.635288442211055099e+03 5.833891427193556023e-01 2.147460086637396626e-01
1.635464321608040109e+03 5.833891427193554913e-01 2.147460086637396071e-01
1.635640201005025119e+03 5.833891427193556023e-01 2.147460086637396348e-01
1.635816080402009902e+03 5.833891427193556023e-01 2.147460086637396348e-01
1.635991959798994912e+03 5.833891427193556023e-01 2.147460086637396348e-01
1.636167839195979923e+03 5.788937322350087289e-01 2.127349911001131522e-01
1.636343718592964706e+03 5.732999956497597527e-01 2.102326384098738288e-01
1.636519597989949716e+03 5.676800670613689759e-01 2.077185687521788116e-01
1.636695477386934499e+03 5.652439836746654400e-01 2.066287891882930272e-01
1.636871356783919509e+03 5.652439836746655510e-01 2.066287891882930272e-01
1.637047236180904520e+03 5.652439836746655510e-01 2.066287891882929995e-01
1.637223115577889303e+03 5.652439836746655510e-01 2.066287891882929995e-01
1.637398994974874313e+03 5.652439836746654400e-01 2.066287891882929717e-01
1.637574874371859096e+03 5.652439836746655510e-01 2.066287891882929995e-01
1.637750753768844106e+03 5.652439836746655510e-01 2.066287891882929717e-01
1.637926633165829116e+03 5.337727038457583673e-01 1.930840585935119924e-01
1.638102512562813899e+03 5.009457255785241259e-01 1.789558572846471352e-01
1.638278391959798910e+03 4.681187473112899400e-01 1.648276559757823612e-01
1.638454271356783920e+03 4.502121213511204312e-01 1.572377658723740357e-01
1.638630150753768703e+03 4.154160193679806157e-01 1.435428362758792153e-01
1.638806030150753713e+03 3.788977065945849376e-01 1.291700849068678769e-01
1.638981909547738496e+03 3.346437743680999444e-01 1.118700009509288884e-01
1.639157788944723507e+03 3.187647281244845865e-01 1.061164641775660389e-01
1.639333668341708517e+03 3.274302746308426215e-01 1.092562963640025531e-01
1.639509547738693300e+03 2.984644248590143101e-01 1.004381844270365309e-01
1.639685427135678310e+03 1.808054791014895857e-01 6.252975446100414447e-02
1.639861306532663320e+03 1.693446073133241248e-01 5.910077369161181871e-02
1.640037185929648103e+03 1.672675544991350793e-01 5.861561129972893414e-02
1.640213065326633114e+03 1.553677701029166358e-01 5.552373472109784630e-02
1.640388944723617897e+03 1.500653883740812600e-01 5.421922520877409807e-02
1.640564824120602907e+03 1.450651359325823564e-01 5.300306693524439727e-02
1.640740703517587917e+03 1.670907229256010096e-01 5.855186536369133554e-02
1.640916582914572700e+03 2.727544735813380861e-01 9.101763163744124030e-02
1.641092462311557711e+03 nan nan
1.641268341708542721e+03 nan nan
1.641444221105527504e+03 nan nan
1.641620100502512514e+03 nan nan
1.641795979899497297e+03 nan nan
1.641971859296482307e+03 nan nan
1.642147738693467318e+03 nan nan
1.642323618090452101e+03 nan nan
1.642499497487437111e+03 nan nan
1.642675376884422121e+03 nan nan
1.642851256281406904e+03 nan nan
1.643027135678391915e+03 nan nan
1.643203015075376697e+03 nan nan
1.643378894472361708e+03 nan nan
1.643554773869346718e+03 nan nan
1.643730653266331501e+03 nan nan
1.643906532663316511e+03 nan nan
1.644082412060301522e+03 nan nan
1.644258291457286305e+03 nan nan
1.644434170854271315e+03 nan nan
1.644610050251256098e+03 nan nan
1.644785929648241108e+03 nan nan
1.644961809045226119e+03 nan nan
1.645137688442210901e+03 nan nan
1.645313567839195912e+03 nan nan
1.645489447236180922e+03 nan nan
1.645665326633165705e+03 nan nan
1.645841206030150715e+03 nan nan
1.646017085427135498e+03 nan nan
1.646192964824120509e+03 nan nan
1.646368844221105519e+03 nan nan
1.646544723618090302e+03 nan nan
1.646720603015075312e+03 nan nan
1.646896482412060323e+03 nan nan
1.647072361809045105e+03 nan nan
1.647248241206030116e+03 nan nan
1.647424120603014899e+03 nan nan
1.647599999999999909e+03 nan nan
