1.612599999999999909e+03 nan nan
1.612775879396984919e+03 nan nan
1.612951758793969702e+03 nan nan
1.613127638190954713e+03 nan nan
1.613303517587939496e+03 nan nan
1.613479396984924506e+03 nan nan
1.613655276381909516e+03 nan nan
1.613831155778894299e+03 nan nan
1.614007035175879309e+03 nan nan
1.614182914572864320e+03 nan nan
1.614358793969849103e+03 nan nan
1.614534673366834113e+03 nan nan
1.614710552763818896e+03 nan nan
1.614886432160803906e+03 nan nan
1.615062311557788917e+03 nan nan
1.615238190954773700e+03 nan nan
1.615414070351758710e+03 nan nan
1.615589949748743720e+03 nan nan
1.615765829145728503e+03 nan nan
1.615941708542713513e+03 nan nan
1.616117587939698296e+03 nan nan
1.616293467336683307e+03 nan nan
1.616469346733668317e+03 nan nan
1.616645226130653100e+03 nan nan
1.616821105527638110e+03 nan nan
1.616996984924623121e+03 1.933255511563816975e-01 6.517469997044131325e-02
1.617172864321607904e+03 2.064620830823096775e-01 6.855214091925142250e-02
1.617348743718592914e+03 2.055693637625727321e-01 6.830300245485934618e-02
1.617524623115577697e+03 2.053336663564327980e-01 6.823722445663681080e-02
1.617700502512562707e+03 2.013636463742273786e-01 6.712927858820423588e-02
1.617876381909547717e+03 1.974070268157806229e-01 6.602507248536611251e-02
1.618052261306532500e+03 1.936481528604253044e-01 6.497605286141926173e-02
1.618228140703517511e+03 1.930545314331805484e-01 6.481038608627030795e-02
1.618404020100502521e+03 1.930545314331805484e-01 6.481038608627030795e-02
1.618579899497487304e+03 1.930545314331805484e-01 6.481038608627030795e-02
1.618755778894472314e+03 1.930545314331805207e-01 6.481038608627030795e-02
1.618931658291457097e+03 1.930545314331805484e-01 6.481038608627030795e-02
1.619107537688442108e+03 1.930545314331805762e-01 6.481038608627032183e-02
1.619283417085427118e+03 1.930545314331805484e-01 6.481038608627030795e-02
1.619459296482411901e+03 1.933639932926550231e-01 6.489520690834271743e-02
1.619635175879396911e+03 1.938827611907595061e-01 6.503739670729474787e-02
1.619811055276381921e+03 1.939238960475452578e-01 6.504867141615329473e-02
1.619986934673366704e+03 1.939238960475452578e-01 6.504867141615329473e-02
1.620162814070351715e+03 1.939238960475452855e-01 6.504867141615329473e-02
1.620338693467336498e+03 1.939238960475452578e-01 6.504867141615329473e-02
1.620514572864321508e+03 1.939238960475452855e-01 6.504867141615329473e-02
1.620690452261306518e+03 1.939238960475452578e-01 6.504867141615329473e-02
1.620866331658291301e+03 1.939238960475452300e-01 6.504867141615329473e-02
1.621042211055276312e+03 1.939238960475452578e-01 6.504867141615329473e-02
1.621218090452261322e+03 1.964873617970898101e-01 6.577227171896372904e-02
1.621393969849246105e+03 2.013773653048452628e-01 6.715259365990815243e-02
1.621569849246231115e+03 2.096636990948019530e-01 6.949161209253834626e-02
1.621745728643215898e+03 2.136998966803036470e-01 7.063092663012897343e-02
1.621921608040200908e+03 2.136998966803036470e-01 7.063092663012895955e-02
1.622097487437185919e+03 2.136998966803036470e-01 7.063092663012897343e-02
1.622273366834170702e+03 2.178507279294399634e-01 7.185272725320980547e-02
1.622449246231155712e+03 2.244974467709338062e-01 7.380919446051197041e-02
1.622625125628140722e+03 2.236110570650365059e-01 7.354481159520707967e-02
1.622801005025125505e+03 2.219619090926214233e-01 7.305524522822828826e-02
1.622976884422110516e+03 2.207411809413383219e-01 7.269285964725630267e-02
1.623152763819095298e+03 2.202934641601880239e-01 7.255995036218942928e-02
1.623328643216080309e+03 2.202934641601880239e-01 7.255995036218942928e-02
1.623504522613065319e+03 2.202934641601880239e-01 7.255995036218942928e-02
1.623680402010050102e+03 2.202934641601880239e-01 7.255995036218942928e-02
1.623856281407035112e+03 2.202934641601880239e-01 7.255995036218942928e-02
1.624032160804019895e+03 2.202934641601880239e-01 7.255995036218942928e-02
1.624208040201004906e+03 2.202934641601879961e-01 7.255995036218942928e-02
1.624383919597989916e+03 2.202934641601880239e-01 7.255995036218942928e-02
1.624559798994974699e+03 2.202934641601880239e-01 7.255995036218942928e-02
1.624735678391959709e+03 2.202934641601880239e-01 7.255995036218942928e-02
1.624911557788944720e+03 2.202934641601880239e-01 7.255995036218942928e-02
1.625087437185929502e+03 2.202934641601880239e-01 7.255995036218942928e-02
1.625263316582914513e+03 2.202934641601880239e-01 7.255995036218942928e-02
1.625439195979899523e+03 2.202934641601880239e-01 7.255995036218942928e-02
1.625615075376884306e+03 2.202934641601880239e-01 7.255995036218942928e-02
1.625790954773869316e+03 2.202934641601880239e-01 7.255995036218942928e-02
1.625966834170854099e+03 2.206421252903003061e-01 7.266702186688349385e-02
1.626142713567839110e+03 2.432111865504012482e-01 7.959782986338413691e-02
1.626318592964824120e+03 2.609039671665059901e-01 8.531800305720710353e-02
1.626494472361808903e+03 2.800800152162638557e-01 9.153211317045140127e-02
1.626670351758793913e+03 2.832828833744840957e-01 9.257446228995033777e-02
1.626846231155778696e+03 2.884501581071772236e-01 9.433843345238622502e-02
1.627022110552763706e+03 2.936712384709200263e-01 9.611548762081977004e-02
1.627197989949748717e+03 2.853965309079604107e-01 9.333622522638002073e-02
1.627373869346733500e+03 2.840263613352023708e-01 9.287602035042545612e-02
1.627549748743718510e+03 2.925170865019248168e-01 9.572783752678433455e-02
1.627725628140703520e+03 2.961435097616419432e-01 9.694586024424801940e-02
1.627901507537688303e+03 2.961435097616419432e-01 9.694586024424801940e-02
1.628077386934673314e+03 2.867359721471717249e-01 9.378610924190289300e-02
1.628253266331658097e+03 2.805241464443635202e-01 9.169971604368162832e-02
1.628429145728643107e+03 2.762620105261334169e-01 9.026817372180517829e-02
1.628605025125628117e+03 2.709579626528911267e-01 8.848667985265654123e-02
1.628780904522612900e+03 2.740270557482969993e-01 8.951750963850645115e-02
1.628956783919597910e+03 2.756450549670563799e-01 9.006095414681272726e-02
1.629132663316582921e+03 2.695053574699901033e-01 8.799878696603939676e-02
1.629308542713567704e+03 2.645803082240550386e-01 8.634456861506621672e-02
1.629484422110552714e+03 2.974022784641794370e-01 9.753454895285007531e-02
1.629660301507537497e+03 3.259321814908315296e-01 1.076785026626873309e-01
1.629836180904522507e+03 3.478974932842054391e-01 1.156120367905491692e-01
1.630012060301507518e+03 3.542800689422389016e-01 1.179138505271050130e-01
1.630187939698492301e+03 3.542800689422389016e-01 1.179138505271050130e-01
1.630363819095477311e+03 3.516143957968181910e-01 1.169525014743014596e-01
1.630539698492462321e+03 3.500757139008352503e-01 1.163975908372602286e-01
1.630715577889447104e+03 3.542800689422388460e-01 1.179138505271050269e-01
1.630891457286432114e+03 3.542800689422389016e-01 1.179138505271050130e-01
1.631067336683416897e+03 3.542800689422389016e-01 1.179138505271050269e-01
1.631243216080401908e+03 3.624317387031433801e-01 1.210877663567939966e-01
1.631419095477386918e+03 3.903283919886944564e-01 1.319495446249720483e-01
1.631594974874371701e+03 4.250777426437181150e-01 1.454794737499659762e-01
1.631770854271356711e+03 4.250777426437181150e-01 1.454794737499659762e-01
1.631946733668341722e+03 4.250777426437181150e-01 1.454794737499659762e-01
1.632122613065326505e+03 4.327433198646642443e-01 1.486253355125956299e-01
1.632298492462311515e+03 4.464930516687202200e-01 1.542680619873351144e-01
1.632474371859296298e+03 4.602427834727761957e-01 1.599107884620745990e-01
1.632650251256281308e+03 4.702304528106363013e-01 1.640096092243139292e-01
1.632826130653266318e+03 4.702304528106363013e-01 1.640096092243139292e-01
1.633002010050251101e+03 4.702304528106363013e-01 1.640096092243139014e-01
1.633177889447236112e+03 4.702304528106363013e-01 1.640096092243139292e-01
1.633353768844221122e+03 4.702304528106362458e-01 1.640096092243139292e-01
1.633529648241205905e+03 4.847512495005104061e-01 1.701994056986843307e-01
1.633705527638190915e+03 4.702304528106363568e-01 1.640096092243139292e-01
1.633881407035175698e+03 5.088381617448948235e-01 1.804669611002917839e-01
1.634057286432160709e+03 5.292890285211943047e-01 1.891845752762434107e-01
1.634233165829145719e+03 5.292890285211943047e-01 1.891845752762434107e-01
1.634409045226130502e+03 5.292890285211943047e-01 1.891845752762434385e-01
1.634584924623115512e+03 5.292890285211943047e-01 1.891845752762434107e-01
1.634760804020100522e+03 5.293772762980181179e-01 1.892230192249247656e-01
1.634936683417085305e+03 5.345491164238019843e-01 1.914760613245661269e-01
1.635112562814070316e+03 5.379923941261299802e-01 1.929760786173330134e-01
1.635288442211055099e+03 5.380234801120433730e-01 1.929896208060449814e-01
1.635464321608040109e+03 5.443539817000977443e-01 1.957773803886110886e-01
1.635640201005025119e+03 5.541966896562714462e-01 2.001118084021827059e-01
1.635816080402009902e+03 5.670082767136583879e-01 2.057575382277967435e-01
1.635991959798994912e+03 5.664144889456022014e-01 2.054929055744499633e-01
1.636167839195979923e+03 5.677424839797600153e-01 2.060831638368752494e-01
1.636343718592964706e+03 5.695305106223864655e-01 2.068778938412056401e-01
1.636519597989949716e+03 5.710429380495893881e-01 2.075501273678854730e-01
1.636695477386934499e+03 5.710429380495893881e-01 2.075501273678854730e-01
1.636871356783919509e+03 5.710429380495893881e-01 2.075501273678854730e-01
1.637047236180904520e+03 5.662573299484509048e-01 2.054349056941403573e-01
1.637223115577889303e+03 5.591831136031401028e-01 2.023081273574847128e-01
1.637398994974874313e+03 5.486835532550193850e-01 1.976954358204914275e-01
1.637574874371859096e+03 5.375965196615358765e-01 1.928460547630790611e-01
1.637750753768844106e+03 5.431308213630272608e-01 1.952412047135740902e-01
1.637926633165829116e+03 5.423187668297064778e-01 1.948897615722002541e-01
1.638102512562813899e+03 5.414524683199066768e-01 1.945148425770356349e-01
1.638278391959798910e+03 5.405861698101067647e-01 1.941399235818710156e-01
1.638454271356783920e+03 5.135311818033380105e-01 1.830819025141917633e-01
1.638630150753768703e+03 4.324512459335323467e-01 1.496348631446559330e-01
1.638806030150753713e+03 3.491374981886204987e-01 1.163429207081771444e-01
1.638981909547738496e+03 2.867626104731901826e-01 9.398445570593694232e-02
1.639157788944723507e+03 2.881662723126280357e-01 9.487993924890100739e-02
1.639333668341708517e+03 2.820732093105777771e-01 9.247114876496886904e-02
1.639509547738693300e+03 2.743670862558097445e-01 8.959373473215037631e-02
1.639685427135678310e+03 2.556464126616574406e-01 8.349084174123694302e-02
1.639861306532663320e+03 2.097879527075564576e-01 7.028015487495675728e-02
1.640037185929648103e+03 1.637232499799022023e-01 5.727728494662175790e-02
1.640213065326633114e+03 1.537369304934740055e-01 5.465948306483752600e-02
1.640388944723617897e+03 1.492406472447705690e-01 5.358407970454205638e-02
1.640564824120602907e+03 1.447143714603091325e-01 5.250876899036396872e-02
1.640740703517587917e+03 1.596923470825784008e-01 5.614796709449149104e-02
1.640916582914572700e+03 2.711471726808765692e-01 8.926288436307598662e-02
1.641092462311557711e+03 nan nan
1.641268341708542721e+03 nan nan
1.641444221105527504e+03 nan nan
1.641620100502512514e+03 nan nan
1.641795979899497297e+03 nan nan
1.641971859296482307e+03 nan nan
1.642147738693467318e+03 nan nan
1.642323618090452101e+03 nan nan
1.642499497487437111e+03 nan nan
1.642675376884422121e+03 nan nan
1.642851256281406904e+03 nan nan
1.643027135678391915e+03 nan nan
1.643203015075376697e+03 nan nan
1.643378894472361708e+03 nan nan
1.643554773869346718e+03 nan nan
1.643730653266331501e+03 nan nan
1.643906532663316511e+03 nan nan
1.644082412060301522e+03 nan nan
1.644258291457286305e+03 nan nan
1.644434170854271315e+03 nan nan
1.644610050251256098e+03 nan nan
1.644785929648241108e+03 nan nan
1.644961809045226119e+03 nan nan
1.645137688442210901e+03 nan nan
1.645313567839195912e+03 nan nan
1.645489447236180922e+03 nan nan
1.645665326633165705e+03 nan nan
1.645841206030150715e+03 nan nan
1.646017085427135498e+03 nan nan
1.646192964824120509e+03 nan nan
1.646368844221105519e+03 nan nan
1.646544723618090302e+03 nan nan
1.646720603015075312e+03 nan nan
1.646896482412060323e+03 nan nan
1.647072361809045105e+03 nan nan
1.647248241206030116e+03 nan nan
1.647424120603014899e+03 nan nan
1.647599999999999909e+03 nan nan
