1.615814000000000078e+03 1.919293789585331811e-01 6.537118606107771013e-02
1.615944653266331670e+03 1.942356858662806218e-01 6.601616552708178265e-02
1.616075306532663490e+03 1.962098408048248421e-01 6.656784321884137712e-02
1.616205959798995082e+03 1.981839957433691735e-01 6.711952091060098546e-02
1.616336613065326674e+03 1.984138562191351540e-01 6.718336554906928493e-02
1.616467266331658266e+03 1.982128498251974624e-01 6.712670811343547650e-02
1.616597919597990085e+03 1.980118434312597708e-01 6.707005067780166807e-02
1.616728572864321677e+03 1.977499383581140524e-01 6.699622780314963555e-02
1.616859226130653269e+03 1.977499383581140524e-01 6.699622780314963555e-02
1.616989879396985089e+03 1.977499383581140524e-01 6.699622780314963555e-02
1.617120532663316681e+03 1.977499383581140524e-01 6.699622780314963555e-02
1.617251185929648273e+03 1.977499383581140802e-01 6.699622780314963555e-02
1.617381839195979865e+03 1.977499383581140524e-01 6.699622780314963555e-02
1.617512492462311684e+03 1.977499383581140524e-01 6.699622780314963555e-02
1.617643145728643276e+03 1.977499383581140524e-01 6.699622780314963555e-02
1.617773798994974868e+03 1.977499383581140524e-01 6.699622780314963555e-02
1.617904452261306687e+03 1.977499383581140524e-01 6.699622780314963555e-02
1.618035105527638279e+03 1.977499383581140524e-01 6.699622780314963555e-02
1.618165758793969871e+03 1.977499383581140524e-01 6.699622780314963555e-02
1.618296412060301691e+03 1.977499383581140247e-01 6.699622780314962167e-02
1.618427065326633283e+03 1.982352475211464071e-01 6.713434131925342940e-02
1.618557718592964875e+03 2.024420556592115839e-01 6.833155148502052800e-02
1.618688371859296467e+03 2.018418649955806554e-01 6.816074398909610643e-02
1.618819025125628286e+03 2.063666824034626757e-01 6.944845600760705950e-02
1.618949678391959878e+03 2.063666824034627034e-01 6.944845600760707338e-02
1.619080331658291470e+03 2.063666824034626757e-01 6.944845600760704563e-02
1.619210984924623290e+03 2.063666824034626757e-01 6.944845600760705950e-02
1.619341638190954882e+03 2.063666824034626757e-01 6.944845600760705950e-02
1.619472291457286474e+03 2.062946274129499602e-01 6.942779508679179645e-02
1.619602944723618066e+03 2.056864724748841966e-01 6.925341381313709910e-02
1.619733597989949885e+03 2.052016496805592338e-01 6.911439658071913406e-02
1.619864251256281477e+03 2.047641881108688833e-01 6.898895962226866962e-02
1.619994904522613069e+03 2.043077137778243069e-01 6.885807097760819617e-02
1.620125557788944889e+03 2.038409765666794327e-01 6.872423957339343636e-02
1.620256211055276481e+03 2.035242848257886317e-01 6.863343194251550483e-02
1.620386864321608073e+03 2.035242848257886317e-01 6.863343194251550483e-02
1.620517517587939892e+03 2.035242848257886317e-01 6.863343194251550483e-02
1.620648170854271484e+03 2.035242848257886317e-01 6.863343194251550483e-02
1.620778824120603076e+03 2.035242848257886317e-01 6.863343194251550483e-02
1.620909477386934668e+03 2.035242848257886317e-01 6.863343194251550483e-02
1.621040130653266488e+03 2.035242848257886317e-01 6.863343194251550483e-02
1.621170783919598080e+03 2.062619603240055111e-01 6.942626935711805614e-02
1.621301437185929672e+03 2.108809903326971935e-01 7.076395156687884103e-02
1.621432090452261491e+03 2.141326607717304875e-01 7.170564315366545483e-02
1.621562743718593083e+03 2.141326607717304875e-01 7.170564315366545483e-02
1.621693396984924675e+03 2.141326607717304875e-01 7.170564315366545483e-02
1.621824050251256267e+03 2.141326607717304875e-01 7.170564315366545483e-02
1.621954703517588086e+03 2.141326607717304875e-01 7.170564315366545483e-02
1.622085356783919678e+03 2.141326607717304875e-01 7.170564315366545483e-02
1.622216010050251271e+03 2.141326607717304875e-01 7.170564315366545483e-02
1.622346663316583090e+03 2.141326607717305153e-01 7.170564315366545483e-02
1.622477316582914682e+03 2.141326607717304875e-01 7.170564315366545483e-02
1.622607969849246274e+03 2.141326607717304875e-01 7.170564315366545483e-02
1.622738623115577866e+03 2.141326607717304598e-01 7.170564315366545483e-02
1.622869276381909685e+03 2.185142038385151086e-01 7.301450806584448838e-02
1.622999929648241277e+03 2.234042641200727486e-01 7.447527844363470428e-02
1.623130582914572869e+03 2.276945667776855697e-01 7.575688780489990559e-02
1.623261236180904689e+03 2.286744520026656180e-01 7.604960143783476290e-02
1.623391889447236281e+03 2.286744520026656180e-01 7.604960143783476290e-02
1.623522542713567873e+03 2.304446903782577660e-01 7.659694591644954087e-02
1.623653195979899465e+03 2.331595225196848031e-01 7.743635172951074397e-02
1.623783849246231284e+03 2.398830937004951258e-01 7.951297678728001805e-02
1.623914502512562876e+03 2.434768211620852163e-01 8.062315288198282359e-02
1.624045155778894468e+03 2.436555813433350370e-01 8.067931298474595447e-02
1.624175809045226288e+03 2.438343415245848578e-01 8.073547308750908535e-02
1.624306462311557880e+03 2.440131017058346785e-01 8.079163319027218848e-02
1.624437115577889472e+03 2.441265630076950022e-01 8.082727870331410380e-02
1.624567768844221291e+03 2.441265630076950022e-01 8.082727870331408992e-02
1.624698422110552883e+03 2.441265630076950299e-01 8.082727870331410380e-02
1.624829075376884475e+03 2.441265630076950022e-01 8.082727870331408992e-02
1.624959728643216067e+03 2.441039081803463850e-01 8.082016136083276792e-02
1.625090381909547887e+03 2.440472882375464003e-01 8.080237338487605836e-02
1.625221035175879479e+03 2.440708530607682558e-01 8.080977661575487747e-02
1.625351688442211071e+03 2.441039962861490664e-01 8.082018904054812103e-02
1.625482341708542890e+03 2.441265630076949744e-01 8.082727870331408992e-02
1.625612994974874482e+03 2.467272517428915346e-01 8.165903095210538809e-02
1.625743648241206074e+03 2.530213494146039133e-01 8.367200921502054856e-02
1.625874301507537666e+03 2.593186557068200560e-01 8.568601365891745369e-02
1.626004954773869486e+03 2.607656375750054267e-01 8.614878738748228681e-02
1.626135608040201078e+03 2.607656375750054267e-01 8.614878738748228681e-02
1.626266261306532670e+03 2.607656375750054267e-01 8.614878738748228681e-02
1.626396914572864489e+03 2.607656375750054267e-01 8.614878738748228681e-02
1.626527567839196081e+03 2.607656375750054822e-01 8.614878738748228681e-02
1.626658221105527673e+03 2.607656375750054267e-01 8.614878738748228681e-02
1.626788874371859265e+03 2.607656375750054267e-01 8.614878738748228681e-02
1.626919527638191084e+03 2.607656375750054267e-01 8.614878738748228681e-02
1.627050180904522676e+03 2.607656375750053712e-01 8.614878738748228681e-02
1.627180834170854268e+03 2.619719418689780976e-01 8.654404650783198427e-02
1.627311487437186088e+03 2.647358217407785319e-01 8.744966272120244244e-02
1.627442140703517680e+03 2.671642718142213657e-01 8.824537160215244203e-02
1.627572793969849272e+03 2.690285634498272849e-01 8.885622764871276003e-02
1.627703447236181091e+03 2.782930934202590967e-01 9.198823922923508867e-02
1.627834100502512683e+03 2.897507121421643572e-01 9.586165694570276952e-02
1.627964753768844275e+03 2.961432373287334885e-01 9.802274476958747207e-02
1.628095407035175867e+03 2.961432373287334885e-01 9.802274476958748595e-02
1.628226060301507687e+03 2.961432373287334885e-01 9.802274476958747207e-02
1.628356713567839279e+03 2.961432373287335440e-01 9.802274476958747207e-02
1.628487366834170871e+03 3.019921839662461638e-01 1.000673757379450107e-01
1.628618020100502690e+03 3.057617154761624323e-01 1.013851003367544773e-01
1.628748673366834282e+03 3.056242311512589183e-01 1.013370395959437287e-01
1.628879326633165874e+03 3.008989129072353608e-01 9.968519822760049665e-02
1.629009979899497466e+03 2.987289640919406075e-01 9.892664376942728044e-02
1.629140633165829286e+03 3.039558922048120060e-01 1.007538341596443260e-01
1.629271286432160878e+03 3.096489879903265852e-01 1.027439839541788025e-01
1.629401939698492470e+03 3.108825179099150571e-01 1.031751921067391720e-01
1.629532592964824289e+03 3.108825179099150571e-01 1.031751921067391858e-01
1.629663246231155881e+03 3.108825179099150571e-01 1.031751921067391720e-01
1.629793899497487473e+03 3.108825179099150571e-01 1.031751921067391858e-01
1.629924552763819065e+03 3.188844108059413207e-01 1.060658499825059692e-01
1.630055206030150885e+03 3.272777474180628698e-01 1.090979156321023880e-01
1.630185859296482477e+03 3.395161207363386335e-01 1.135189883306155223e-01
1.630316512562814069e+03 3.429999123064241262e-01 1.147774967448681460e-01
1.630447165829145888e+03 3.429999123064241262e-01 1.147774967448681738e-01
1.630577819095477480e+03 3.429999123064241262e-01 1.147774967448681738e-01
1.630708472361809072e+03 3.445838483524990004e-01 1.153774088200717474e-01
1.630839125628140891e+03 3.498899548985910934e-01 1.173870842720609597e-01
1.630969778894472483e+03 3.552898990396427537e-01 1.194323004938077359e-01
1.631100432160804075e+03 3.639964161179958246e-01 1.227298734868674801e-01
1.631231085427135667e+03 3.769934093586387869e-01 1.276524542979570465e-01
1.631361738693467487e+03 3.899540275837178882e-01 1.325612581569237114e-01
1.631492391959799079e+03 3.899540275837178882e-01 1.325612581569237114e-01
1.631623045226130671e+03 3.899540275837178327e-01 1.325612581569237114e-01
1.631753698492462490e+03 3.899540275837178882e-01 1.325612581569237114e-01
1.631884351758794082e+03 3.899540275837178882e-01 1.325612581569237114e-01
1.632015005025125674e+03 3.899540275837178882e-01 1.325612581569237114e-01
1.632145658291457266e+03 3.899540275837178882e-01 1.325612581569237114e-01
1.632276311557789086e+03 3.899540275837178882e-01 1.325612581569237114e-01
1.632406964824120678e+03 3.899540275837178882e-01 1.325612581569237114e-01
1.632537618090452270e+03 3.899540275837178882e-01 1.325612581569237114e-01
1.632668271356784089e+03 4.070369091117517213e-01 1.394021176846109433e-01
1.632798924623115681e+03 4.313611453719556343e-01 1.491427860315325260e-01
1.632929577889447273e+03 4.556853816321603245e-01 1.588834543784544417e-01
1.633060231155778865e+03 4.592869387876163945e-01 1.603257020777655861e-01
1.633190884422110685e+03 4.592869387876162834e-01 1.603257020777655861e-01
1.633321537688442277e+03 4.592869387876163390e-01 1.603257020777655861e-01
1.633452190954773869e+03 4.592869387876162834e-01 1.603257020777655861e-01
1.633582844221105688e+03 4.592869387876163390e-01 1.603257020777655861e-01
1.633713497487437280e+03 4.636805364746848235e-01 1.621499339139895191e-01
1.633844150753768872e+03 4.720203509936459763e-01 1.656126440293170521e-01
1.633974804020100692e+03 4.803777849552451906e-01 1.690826697776374177e-01
1.634105457286432284e+03 4.812016286219417127e-01 1.694247315575047041e-01
1.634236110552763876e+03 4.812016286219417682e-01 1.694247315575047041e-01
1.634366763819095468e+03 4.812016286219417682e-01 1.694247315575046764e-01
1.634497417085427287e+03 4.812016286219417127e-01 1.694247315575047041e-01
1.634628070351758879e+03 4.812016286219418237e-01 1.694247315575047041e-01
1.634758723618090471e+03 4.812016286219417127e-01 1.694247315575047041e-01
1.634889376884422290e+03 4.812016286219418237e-01 1.694247315575047041e-01
1.635020030150753882e+03 4.812016286219417682e-01 1.694247315575047041e-01
1.635150683417085475e+03 4.812016286219417682e-01 1.694247315575047041e-01
1.635281336683417067e+03 4.812016286219417682e-01 1.694247315575047319e-01
1.635411989949748886e+03 4.844567537867265905e-01 1.708015568958183017e-01
1.635542643216080478e+03 4.886707947119531270e-01 1.725839763202110799e-01
1.635673296482412070e+03 4.950945361604779382e-01 1.753010362012829559e-01
1.635803949748743889e+03 5.015182776090025829e-01 1.780180960823546932e-01
1.635934603015075481e+03 5.079420190575273386e-01 1.807351559634265137e-01
1.636065256281407073e+03 5.131103524646570824e-01 1.829212139586062769e-01
1.636195909547738665e+03 5.080378816664533614e-01 1.807809451350656793e-01
1.636326562814070485e+03 4.863370625559003679e-01 1.716245421836561924e-01
1.636457216080402077e+03 4.739507615896957349e-01 1.663982895640557513e-01
1.636587869346733669e+03 4.739507615896957904e-01 1.663982895640557791e-01
1.636718522613065488e+03 4.739507615896958459e-01 1.663982895640557513e-01
1.636849175879397080e+03 4.739507615896957904e-01 1.663982895640557236e-01
1.636979829145728672e+03 4.667309592472368429e-01 1.634536746755876624e-01
1.637110482412060492e+03 4.642752908790901967e-01 1.624521240381886222e-01
1.637241135678392084e+03 4.714494121846162233e-01 1.653781077986710979e-01
1.637371788944723676e+03 4.687925456629283283e-01 1.642855931804573510e-01
1.637502442211055268e+03 4.604360876038648964e-01 1.608629643158027700e-01
1.637633095477387087e+03 4.520796295448015201e-01 1.574403354511482445e-01
1.637763748743718679e+03 4.437231714857383658e-01 1.540177065864938022e-01
1.637894402010050271e+03 4.353667134266750449e-01 1.505950777218392767e-01
1.638025055276382091e+03 4.069008071957374573e-01 1.395505732144125821e-01
1.638155708542713683e+03 3.420656104796340746e-01 1.146979965511487204e-01
1.638286361809045275e+03 3.201819476421915445e-01 1.064997425257061398e-01
1.638417015075376867e+03 3.244017649869698205e-01 1.079986398734538722e-01
1.638547668341708686e+03 3.244017649869698205e-01 1.079986398734538861e-01
1.638678321608040278e+03 3.231757156248464824e-01 1.075631418442871551e-01
1.638808974874371870e+03 3.194659684309338887e-01 1.062480936131419140e-01
1.638939628140703689e+03 3.018714547778472701e-01 1.001576933211753145e-01
1.639070281407035282e+03 2.882556385486375050e-01 9.548799003223507054e-02
1.639200934673366874e+03 2.997535393286715477e-01 9.951644564647343927e-02
1.639331587939698466e+03 2.873741876283295582e-01 9.548289846185804841e-02
1.639462241206030285e+03 2.292582132361755398e-01 7.654637411983476747e-02
1.639592894472361877e+03 1.953233308736039009e-01 6.691423668479914988e-02
1.639723547738693469e+03 1.738319838244468674e-01 6.096761108056646117e-02
1.639854201005025288e+03 1.499581621014552113e-01 5.439271336823135738e-02
1.639984854271356880e+03 1.564886223314141678e-01 5.606315600441297980e-02
1.640115507537688472e+03 1.572906262158720592e-01 5.626947640001058598e-02
1.640246160804020292e+03 1.463816741969122259e-01 5.352200874941676761e-02
1.640376814070351884e+03 1.436845554436717853e-01 5.286329989687949676e-02
1.640507467336683476e+03 1.373827714707687719e-01 5.133808150959768418e-02
1.640638120603015068e+03 1.436251345221000730e-01 5.286468019875213697e-02
1.640768773869346887e+03 1.632865570788324949e-01 5.792552462738642660e-02
1.640899427135678479e+03 nan nan
1.641030080402010071e+03 nan nan
1.641160733668341891e+03 nan nan
1.641291386934673483e+03 nan nan
1.641422040201005075e+03 nan nan
1.641552693467336667e+03 nan nan
1.641683346733668486e+03 nan nan
1.641814000000000078e+03 nan nan
