2.048161924261205968e+03
2.044339206863708796e+03
2.040516489466214352e+03
2.036693772068723320e+03
2.032871054671231605e+03
2.029048337273736252e+03
2.025225619876244309e+03
2.021402902478753276e+03
2.017580185081262698e+03
2.013757467683770074e+03
2.009934750286275175e+03
2.006112032888780504e+03
2.002289315491288562e+03
1.998466598093800258e+03
1.994643880696312863e+03
1.990771673855192603e+03
1.986666312516525522e+03
1.982560951177857987e+03
1.978285548176725570e+03
1.973711179654607349e+03
1.969136811132488901e+03
1.964554927873947463e+03
1.959968891424289268e+03
1.955383106989527732e+03
1.950782327270220321e+03
1.946123791684342223e+03
1.941465256098453438e+03
1.936806720512556012e+03
1.932148184926674276e+03
1.927489649340786400e+03
1.922831113754905800e+03
1.918172578169016560e+03
1.913514042583127775e+03
1.908855506997230350e+03
1.904196971411332470e+03
1.899538435825434135e+03
1.894879900239546259e+03
1.890221364653660203e+03
1.885562829067776192e+03
1.880906385475428579e+03
1.876259994958809330e+03
1.871587222310114385e+03
1.866928686724223098e+03
1.862362160751537431e+03
1.857611615552434387e+03
1.852953079966544010e+03
1.848294544380655680e+03
1.843679729651922116e+03
1.839270753415672971e+03
1.834633514549993379e+03
1.829966831084489513e+03
1.825249005803016644e+03
1.820621729894075770e+03
1.816055511616374133e+03
1.811512326594446449e+03
1.806969141572518311e+03
1.802425956550590399e+03
1.797882771528670673e+03
1.793316067298510916e+03
1.788634644158593801e+03
1.783962657049860354e+03
1.779327201767559245e+03
1.774749118074225180e+03
1.770141502307260453e+03
1.765678747268193547e+03
1.761231756186135954e+03
1.756788191923492377e+03
1.752344627660850392e+03
1.747901063398219549e+03
1.743457499135594389e+03
1.739013934872969458e+03
1.734570370610334066e+03
1.730126806347697766e+03
1.725683242085066240e+03
1.721239677822417434e+03
1.716796113559770674e+03
1.712352549297126643e+03
1.707908985034490343e+03
1.703465420771856543e+03
1.699021856509226609e+03
1.694578292246590081e+03
1.690134727983951962e+03
1.685691163721316570e+03
1.681247599458681862e+03
1.676804035196043969e+03
1.672360470933406759e+03
1.667916906670768640e+03
1.663473342408130293e+03
1.659029778145492173e+03
1.654586213882854508e+03
1.650142649620219800e+03
1.645699085357584863e+03
1.641255521094949927e+03
1.636811956832312717e+03
1.632456021789189890e+03
1.628588786004508847e+03
1.625384731043093552e+03
1.622232275804847404e+03
1.619303852311621540e+03
1.616375428818404998e+03
1.613447005325178679e+03
1.610566495167571929e+03
1.607656808922190066e+03
1.604932115490455999e+03
1.602400162730325064e+03
1.599886567731024797e+03
1.597314952832349718e+03
1.594780513472861003e+03
1.592260098861159577e+03
1.589739684249462925e+03
1.587219269637764455e+03
1.584698855026060755e+03
1.582178440414357738e+03
1.579658025802659722e+03
1.577137611190959888e+03
1.574617196579262782e+03
1.572096781967565676e+03
1.569576367355869479e+03
1.567055952744171918e+03
1.564535538132477313e+03
1.562015123520783618e+03
1.559494708909086057e+03
1.556974294297387132e+03
1.554453879685687525e+03
1.551933465073987236e+03
1.549413050462289448e+03
1.546892635850591205e+03
1.544372221238892052e+03
1.541851806627191991e+03
1.539327616643574402e+03
1.536731018345177290e+03
1.534202175690312970e+03
1.531352585329345857e+03
1.528471260977049951e+03
1.525440025524224438e+03
1.522408790071392559e+03
1.519377554618556815e+03
1.516695143428802339e+03
1.514189158134870695e+03
1.512186136461883052e+03
1.510560343550858988e+03
1.508934550639837653e+03
1.507308757728824503e+03
1.505682964817809989e+03
1.504057171906797521e+03
1.502431378995781643e+03
1.500805586084760535e+03
1.499179793173736471e+03
1.497554000262717182e+03
1.495928207351699029e+03
1.494302414440686334e+03
1.492676621529675231e+03
1.491050828618662763e+03
1.489425035707655297e+03
1.487799242796638509e+03
1.486173449885622631e+03
1.484547656974603797e+03
1.482921864063585872e+03
1.481296071152567947e+03
1.479670278241547294e+03
1.478044485330526641e+03
1.476418692419506215e+03
1.474792899508485789e+03
1.473167106597468319e+03
1.471471687786943903e+03
1.469609783234733868e+03
1.467100916958795779e+03
1.464542892955852949e+03
1.461311572143414196e+03
1.458098002782483718e+03
1.454505850267478763e+03
1.450539069246118288e+03
1.446572288224757813e+03
1.442532343872359434e+03
1.438476704619630027e+03
1.434421065366901075e+03
1.430329048673833313e+03
1.426309786861444081e+03
1.422254147608719450e+03
1.418198508355994136e+03
1.414142869103268367e+03
1.410087229850541462e+03
1.406031590597813192e+03
1.401975951345084923e+03
1.397678212693942442e+03
1.393540393028886683e+03
1.389452245718564427e+03
1.385586130890725826e+03
1.381590704610437569e+03
1.377642115828722353e+03
1.372945379104860194e+03
1.368365203124316167e+03
1.364142100349870589e+03
1.360642665437268306e+03
1.356642430663888945e+03
1.352553275134799605e+03
1.348406229204896590e+03
1.344225716255054294e+03
1.339951673838946135e+03
1.335637303984420896e+03
1.331322934129886562e+03
1.326982642580972652e+03
1.322601747333469120e+03
1.319079029251919792e+03
1.316270383953277360e+03
1.313461738654634473e+03
1.310551901802775774e+03
1.307610201607860745e+03
1.304962891383425358e+03
1.302602768531768561e+03
1.299968059183649757e+03
1.297103330751807789e+03
1.293854688966177036e+03
1.290401817144776260e+03
1.286948945323375483e+03
1.284567785810773557e+03
1.281664654205771058e+03
1.278499428700460840e+03
1.275334203195151531e+03
1.272168977689841768e+03
1.269003752184532004e+03
1.265838526679221559e+03
1.262673301173907930e+03
1.259508075668593619e+03
1.256342850163283401e+03
1.253177624657977049e+03
1.250012399152659782e+03
1.246847173647342061e+03
1.243681948142024339e+03
1.240516722636703207e+03
1.237351497131391852e+03
1.234186271626076405e+03
1.228408143854944456e+03
1.221092639173384214e+03
1.209934081056317609e+03
1.201363118851161744e+03
1.187864365778571027e+03
1.173524016338357342e+03
1.159416884314296340e+03
1.145408819626669128e+03
1.130541991204872375e+03
1.115151203932603494e+03
1.099760416660327337e+03
1.084369629388037993e+03
1.068978842115747511e+03
1.053588054843455893e+03
1.038197267571161092e+03
1.022806480298866745e+03
1.007415693026585473e+03
9.920249057543333038e+02
9.766341184820788612e+02
9.612433312098266924e+02
9.458525439375564474e+02
9.304617566652423193e+02
9.150709693929300101e+02
8.996801821206357772e+02
8.842893948483749682e+02
8.667342277805621507e+02
8.469960017423987892e+02
8.232915251975185811e+02
7.994750616397539034e+02
7.756585980819926363e+02
7.518421345242568350e+02
7.280256709665010249e+02
7.042092074087390756e+02
6.803927438509861076e+02
6.565762802932420072e+02
6.320036934036943421e+02
6.069290280052340449e+02
5.818749521715425317e+02
5.566236983000490000e+02
5.317299639695797850e+02
5.068412648396291047e+02
4.829097920731260274e+02
4.581274203255961766e+02
4.421660006749726790e+02
4.337359415681991095e+02
4.257603246080681743e+02
4.178659258055706687e+02
4.099700910126834970e+02
4.032695295263059734e+02
3.962509193354591730e+02
3.895688247821532286e+02
3.832183966813297502e+02
3.768679685805108193e+02
3.705175404797009833e+02
3.641671123788876230e+02
3.578166842780748311e+02
3.521740349720284371e+02
3.483336947849819012e+02
3.468533003534516865e+02
3.445208706214035033e+02
3.433367128781077895e+02
3.421525551348125305e+02
3.409683973915185788e+02
3.397746948335342267e+02
3.385570022424893182e+02
3.373400597795967997e+02
3.361097345324997150e+02
3.344682005572051935e+02
3.298957910431030882e+02
3.305481955663441340e+02
3.327688120166034764e+02
3.349894284668629894e+02
3.372100449171225023e+02
3.331886529176310319e+02
3.323358802281322255e+02
3.384449931170451009e+02
3.445541060059576353e+02
3.455128061393049848e+02
3.420158289780588916e+02
3.478532834277866073e+02
3.536907378775146071e+02
3.595281923272426639e+02
3.653656467769703795e+02
3.712031012266984362e+02
3.860860630794249460e+02
4.140211714323680781e+02
4.419562797853111533e+02
4.698913881382526370e+02
4.978264964911957691e+02
4.741290369391623472e+02
4.256962480385587924e+02
4.108395269277257285e+02
3.959828058168927214e+02
3.811260847060604533e+02
3.662693635952273326e+02
3.514126424843951781e+02
nan
nan
nan
nan
nan
nan
nan
nan
nan
nan
nan
nan
nan
nan
nan
nan
nan
nan
nan
nan
nan
nan
nan
nan
nan
nan
nan
nan
nan
nan
nan
nan
nan
nan
nan
nan
nan
nan
nan
nan
nan
nan
nan
nan
nan
nan
nan
nan
nan
nan
nan
nan
nan
nan
nan
nan
nan
nan
nan
nan
nan
nan
nan
nan
nan
nan
nan
nan
nan
nan
nan
nan
-2.500000000000000000e+01
-2.493734335839598870e+01
-2.487468671679198096e+01
-2.481203007518796966e+01
-2.474937343358395836e+01
-2.468671679197995061e+01
-2.462406015037593932e+01
-2.456140350877193157e+01
-2.449874686716792027e+01
-2.443609022556390897e+01
-2.437343358395990123e+01
-2.431077694235588993e+01
-2.424812030075187863e+01
-2.418546365914787089e+01
-2.412280701754385959e+01
-2.406015037593984829e+01
-2.399749373433584054e+01
-2.393483709273182924e+01
-2.387218045112781795e+01
-2.380952380952381020e+01
-2.374686716791979890e+01
-2.368421052631579116e+01
-2.362155388471177986e+01
-2.355889724310776856e+01
-2.349624060150376081e+01
-2.343358395989974952e+01
-2.337092731829573822e+01
-2.330827067669173047e+01
-2.324561403508771917e+01
-2.318295739348370788e+01
-2.312030075187970013e+01
-2.305764411027568883e+01
-2.299498746867168109e+01
-2.293233082706766979e+01
-2.286967418546365849e+01
-2.280701754385965074e+01
-2.274436090225563945e+01
-2.268170426065162815e+01
-2.261904761904762040e+01
-2.255639097744360910e+01
-2.249373433583959780e+01
-2.243107769423559006e+01
-2.236842105263157876e+01
-2.230576441102756746e+01
-2.224310776942355972e+01
-2.218045112781954842e+01
-2.211779448621553712e+01
-2.205513784461152937e+01
-2.199248120300751808e+01
-2.192982456140351033e+01
-2.186716791979949903e+01
-2.180451127819548773e+01
-2.174185463659147999e+01
-2.167919799498746869e+01
-2.161654135338345739e+01
-2.155388471177944965e+01
-2.149122807017543835e+01
-2.142857142857143060e+01
-2.136591478696741930e+01
-2.130325814536340800e+01
-2.124060150375940026e+01
-2.117794486215538896e+01
-2.111528822055137766e+01
-2.105263157894736992e+01
-2.098997493734335862e+01
-2.092731829573934732e+01
-2.086466165413533957e+01
-2.080200501253132828e+01
-2.073934837092731698e+01
-2.067669172932330923e+01
-2.061403508771929793e+01
-2.055137844611528664e+01
-2.048872180451127889e+01
-2.042606516290726759e+01
-2.036340852130325629e+01
-2.030075187969924855e+01
-2.023809523809523725e+01
-2.017543859649122950e+01
-2.011278195488721821e+01
-2.005012531328321046e+01
-1.998746867167919916e+01
-1.992481203007518786e+01
-1.986215538847118012e+01
-1.979949874686716882e+01
-1.973684210526315752e+01
-1.967418546365914978e+01
-1.961152882205513848e+01
-1.954887218045112718e+01
-1.948621553884711943e+01
-1.942355889724310813e+01
-1.936090225563909684e+01
-1.929824561403508909e+01
-1.923558897243107779e+01
-1.917293233082706649e+01
-1.911027568922305875e+01
-1.904761904761904745e+01
-1.898496240601503615e+01
-1.892230576441102841e+01
-1.885964912280701711e+01
-1.879699248120300581e+01
-1.873433583959899806e+01
-1.867167919799498677e+01
-1.860902255639097902e+01
-1.854636591478696772e+01
-1.848370927318295998e+01
-1.842105263157894868e+01
-1.835839598997493738e+01
-1.829573934837092963e+01
-1.823308270676691834e+01
-1.817042606516290704e+01
-1.810776942355889929e+01
-1.804511278195488799e+01
-1.798245614035087669e+01
-1.791979949874686895e+01
-1.785714285714285765e+01
-1.779448621553884635e+01
-1.773182957393483861e+01
-1.766917293233082731e+01
-1.760651629072681601e+01
-1.754385964912280826e+01
-1.748120300751879697e+01
-1.741854636591478567e+01
-1.735588972431077792e+01
-1.729323308270676662e+01
-1.723057644110275533e+01
-1.716791979949874758e+01
-1.710526315789473628e+01
-1.704260651629072854e+01
-1.697994987468671724e+01
-1.691729323308270949e+01
-1.685463659147869464e+01
-1.679197994987468689e+01
-1.672932330827067915e+01
-1.666666666666666785e+01
-1.660401002506265655e+01
-1.654135338345864881e+01
-1.647869674185463751e+01
-1.641604010025062621e+01
-1.635338345864661846e+01
-1.629072681704260717e+01
-1.622807017543859587e+01
-1.616541353383458812e+01
-1.610275689223057682e+01
-1.604010025062656553e+01
-1.597744360902255778e+01
-1.591478696741854648e+01
-1.585213032581453696e+01
-1.578947368421052744e+01
-1.572681704260651614e+01
-1.566416040100250662e+01
-1.560150375939849710e+01
-1.553884711779448757e+01
-1.547619047619047628e+01
-1.541353383458646675e+01
-1.535087719298245723e+01
-1.528822055137844593e+01
-1.522556390977443641e+01
-1.516290726817042689e+01
-1.510025062656641737e+01
-1.503759398496240607e+01
-1.497493734335839655e+01
-1.491228070175438702e+01
-1.484962406015037573e+01
-1.478696741854636620e+01
-1.472431077694235668e+01
-1.466165413533834716e+01
-1.459899749373433586e+01
-1.453634085213032634e+01
-1.447368421052631682e+01
-1.441102756892230552e+01
-1.434837092731829600e+01
-1.428571428571428648e+01
-1.422305764411027695e+01
-1.416040100250626566e+01
-1.409774436090225613e+01
-1.403508771929824661e+01
-1.397243107769423531e+01
-1.390977443609022579e+01
-1.384711779448621627e+01
-1.378446115288220675e+01
-1.372180451127819545e+01
-1.365914786967418593e+01
-1.359649122807017640e+01
-1.353383458646616688e+01
-1.347117794486215558e+01
-1.340852130325814606e+01
-1.334586466165413654e+01
-1.328320802005012524e+01
-1.322055137844611572e+01
-1.315789473684210620e+01
-1.309523809523809668e+01
-1.303258145363408538e+01
-1.296992481203007586e+01
-1.290726817042606633e+01
-1.284461152882205504e+01
-1.278195488721804551e+01
-1.271929824561403599e+01
-1.265664160401002647e+01
-1.259398496240601517e+01
-1.253132832080200565e+01
-1.246867167919799613e+01
-1.240601503759398483e+01
-1.234335839598997531e+01
-1.228070175438596578e+01
-1.221804511278195626e+01
-1.215538847117794496e+01
-1.209273182957393544e+01
-1.203007518796992592e+01
-1.196741854636591640e+01
-1.190476190476190510e+01
-1.184210526315789558e+01
-1.177944862155388606e+01
-1.171679197994987476e+01
-1.165413533834586524e+01
-1.159147869674185571e+01
-1.152882205513784619e+01
-1.146616541353383489e+01
-1.140350877192982537e+01
-1.134085213032581585e+01
-1.127819548872180455e+01
-1.121553884711779503e+01
-1.115288220551378551e+01
-1.109022556390977599e+01
-1.102756892230576469e+01
-1.096491228070175517e+01
-1.090225563909774564e+01
-1.083959899749373434e+01
-1.077694235588972482e+01
-1.071428571428571530e+01
-1.065162907268170578e+01
-1.058897243107769448e+01
-1.052631578947368496e+01
-1.046365914786967544e+01
-1.040100250626566414e+01
-1.033834586466165462e+01
-1.027568922305764509e+01
-1.021303258145363557e+01
-1.015037593984962427e+01
-1.008771929824561475e+01
-1.002506265664160523e+01
-9.962406015037593932e+00
-9.899749373433584410e+00
-9.837092731829574888e+00
-9.774436090225565366e+00
-9.711779448621554067e+00
-9.649122807017544545e+00
-9.586466165413535023e+00
-9.523809523809525501e+00
-9.461152882205514203e+00
-9.398496240601504681e+00
-9.335839598997495159e+00
-9.273182957393483861e+00
-9.210526315789474339e+00
-9.147869674185464817e+00
-9.085213032581455295e+00
-9.022556390977443996e+00
-8.959899749373434474e+00
-8.897243107769423176e+00
-8.834586466165415430e+00
-8.771929824561404132e+00
-8.709273182957392834e+00
-8.646616541353385088e+00
-8.583959899749373790e+00
-8.521303258145366044e+00
-8.458646616541354746e+00
-8.395989974937343447e+00
-8.333333333333335702e+00
-8.270676691729324403e+00
-8.208020050125313105e+00
-8.145363408521305359e+00
-8.082706766917294061e+00
-8.020050125313282763e+00
-7.957393483709275017e+00
-7.894736842105263719e+00
-7.832080200501252421e+00
-7.769423558897244675e+00
-7.706766917293233377e+00
-7.644110275689225631e+00
-7.581453634085214333e+00
-7.518796992481203034e+00
-7.456140350877195289e+00
-7.393483709273183990e+00
-7.330827067669172692e+00
-7.268170426065164946e+00
-7.205513784461153648e+00
-7.142857142857142350e+00
-7.080200501253134604e+00
-7.017543859649123306e+00
-6.954887218045115560e+00
-6.892230576441104262e+00
-6.829573934837092963e+00
-6.766917293233085218e+00
-6.704260651629073919e+00
-6.641604010025062621e+00
-6.578947368421054875e+00
-6.516290726817043577e+00
-6.453634085213032279e+00
-6.390977443609024533e+00
-6.328320802005013235e+00
-6.265664160401001936e+00
-6.203007518796994191e+00
-6.140350877192982892e+00
-6.077694235588975147e+00
-6.015037593984963848e+00
-5.952380952380952550e+00
-5.889724310776944805e+00
-5.827067669172933506e+00
-5.764411027568922208e+00
-5.701754385964914462e+00
-5.639097744360903164e+00
-5.576441102756891866e+00
-5.513784461152884120e+00
-5.451127819548872822e+00
-5.388471177944861523e+00
-5.325814536340853778e+00
-5.263157894736842479e+00
-5.200501253132834734e+00
-5.137844611528823435e+00
-5.075187969924812137e+00
-5.012531328320804391e+00
-4.949874686716793093e+00
-4.887218045112781795e+00
-4.824561403508774049e+00
-4.761904761904762751e+00
-4.699248120300751452e+00
-4.636591478696743707e+00
-4.573934837092732408e+00
-4.511278195488724663e+00
-4.448621553884713364e+00
-4.385964912280702066e+00
-4.323308270676694320e+00
-4.260651629072683022e+00
-4.197994987468671724e+00
-4.135338345864663978e+00
-4.072681704260652680e+00
-4.010025062656641381e+00
-3.947368421052633636e+00
-3.884711779448622337e+00
-3.822055137844611039e+00
-3.759398496240603293e+00
-3.696741854636591995e+00
-3.634085213032584250e+00
-3.571428571428572951e+00
-3.508771929824561653e+00
-3.446115288220553907e+00
-3.383458646616542609e+00
-3.320802005012531311e+00
-3.258145363408523565e+00
-3.195488721804512267e+00
-3.132832080200500968e+00
-3.070175438596493223e+00
-3.007518796992481924e+00
-2.944862155388470626e+00
-2.882205513784462880e+00
-2.819548872180451582e+00
-2.756892230576443836e+00
-2.694235588972432538e+00
-2.631578947368421240e+00
-2.568922305764413494e+00
-2.506265664160402196e+00
-2.443609022556390897e+00
-2.380952380952383152e+00
-2.318295739348371853e+00
-2.255639097744360555e+00
-2.192982456140352809e+00
-2.130325814536341511e+00
-2.067669172932333765e+00
-2.005012531328322467e+00
-1.942355889724311169e+00
-1.879699248120303423e+00
-1.817042606516292125e+00
-1.754385964912280826e+00
-1.691729323308273081e+00
-1.629072681704261782e+00
-1.566416040100250484e+00
-1.503759398496242738e+00
-1.441102756892231440e+00
-1.378446115288220142e+00
-1.315789473684212396e+00
-1.253132832080201098e+00
-1.190476190476193352e+00
-1.127819548872182054e+00
-1.065162907268170756e+00
-1.002506265664163010e+00
-9.398496240601517115e-01
-8.771929824561404132e-01
-8.145363408521326676e-01
-7.518796992481213692e-01
-6.892230576441100709e-01
-6.265664160401023253e-01
-5.639097744360910269e-01
-5.012531328320832813e-01
-4.385964912280719830e-01
-3.759398496240606846e-01
-3.132832080200529390e-01
-2.506265664160416407e-01
-1.879699248120303423e-01
-1.253132832080225967e-01
-6.265664160401129834e-02
0.000000000000000000e+00
