1.975787849421106330e+03
1.971124145700076497e+03
1.966460441979039160e+03
1.961796738258005234e+03
1.957132847110105104e+03
1.952468822648482274e+03
1.947803876248320194e+03
1.943133924305548135e+03
1.938462943045646171e+03
1.933791961785741250e+03
1.929120980525826781e+03
1.924449999265903216e+03
1.919779018005978060e+03
1.915108036746062680e+03
1.910437055486151849e+03
1.905766074226232377e+03
1.901095092966307675e+03
1.896424111706383883e+03
1.891753130446468731e+03
1.887082149186552215e+03
1.882411167926641156e+03
1.877740186666730779e+03
1.873069205406811079e+03
1.868398224146890698e+03
1.863727242886973727e+03
1.859056261627054710e+03
1.854385280367135010e+03
1.849714299107217357e+03
1.845043317847312665e+03
1.840372336587399786e+03
1.835709495096361479e+03
1.831125845677194320e+03
1.826639645706696228e+03
1.822153445736203366e+03
1.817598439309909509e+03
1.812898501802976170e+03
1.808198564296042377e+03
1.803388731441052641e+03
1.798481988592971902e+03
1.793575245744888889e+03
1.788668502896803602e+03
1.783761760048717406e+03
1.778855017200631437e+03
1.773990064857501693e+03
1.769184463272748417e+03
1.764246070175475552e+03
1.759601477125278507e+03
1.754834501039096494e+03
1.749930759150938684e+03
1.745300021126835418e+03
1.740613526583208113e+03
1.735867840371500961e+03
1.731170360120005398e+03
1.726480717488554092e+03
1.721791074857083458e+03
1.717101432225629424e+03
1.712411789594185848e+03
1.707722146962741590e+03
1.703032504331300288e+03
1.698342861699855348e+03
1.693653219068411772e+03
1.688963576436956828e+03
1.684273933805497563e+03
1.679584291174032842e+03
1.674894648542576533e+03
1.670205005911128410e+03
1.665515363279682333e+03
1.660825720648232618e+03
1.656136078016776310e+03
1.651446435385310906e+03
1.646756792753848003e+03
1.642107678226277585e+03
1.637534711933939889e+03
1.633091937080151638e+03
1.628649162226366570e+03
1.624206387372580821e+03
1.619763612518790978e+03
1.615320837665005229e+03
1.610878062811220843e+03
1.606435287957416449e+03
1.602016405864176022e+03
1.597713913457868102e+03
1.593640347620168995e+03
1.589689375654831792e+03
1.585695358025726591e+03
1.581722863228515735e+03
1.577750368431293737e+03
1.573777873634067873e+03
1.569805378836837690e+03
1.565832884039609553e+03
1.561860389242379824e+03
1.557887894445148049e+03
1.553915399647921504e+03
1.549942904850699051e+03
1.545970410053473188e+03
1.541997915256243004e+03
1.538025420459012821e+03
1.534052925661781728e+03
1.530080430864548362e+03
1.526107936067319770e+03
1.522135441270091860e+03
1.518162946472866224e+03
1.514190451675640361e+03
1.510217956878412224e+03
1.506245462081189089e+03
1.502272967283955268e+03
1.498300472486730996e+03
1.494327977689512636e+03
1.490355482892290638e+03
1.486382988095068868e+03
1.482410493297845960e+03
1.478437998500619642e+03
1.474465503703393324e+03
1.470946326676989202e+03
1.468211894266992658e+03
1.465466231467165926e+03
1.462720568667339194e+03
1.460176832581197687e+03
1.457653274466998937e+03
1.455159727777409444e+03
1.452693472927908260e+03
1.450284183130127985e+03
1.447902732962043956e+03
1.445521282793964929e+03
1.443139832625885674e+03
1.440758382457801417e+03
1.438376932289716251e+03
1.435995482121626992e+03
1.433614031953534777e+03
1.431232581785445291e+03
1.428851131617361716e+03
1.426469681449276777e+03
1.424088231281191156e+03
1.421706781113104171e+03
1.419325330945014230e+03
1.416943880776923379e+03
1.414562430608839804e+03
1.412180980440752137e+03
1.409799530272668562e+03
1.407418080104583851e+03
1.405036629936501868e+03
1.402655179768407606e+03
1.400273729600312890e+03
1.397892279432220676e+03
1.395510829264131644e+03
1.393129379096044431e+03
1.390747928927963358e+03
1.388366478759882284e+03
1.385985028591795754e+03
1.383603578423708996e+03
1.381301176665856701e+03
1.379434779247647839e+03
1.377310113469932730e+03
1.375470811843437104e+03
1.372578732842664522e+03
1.369727561140734906e+03
1.366737449127960417e+03
1.363744736282497115e+03
1.360753323853379243e+03
1.357761911424262053e+03
1.354770498995146227e+03
1.351779086566028127e+03
1.348787674136907299e+03
1.345796261707782151e+03
1.342804849278657002e+03
1.339813436849531399e+03
1.336822024420406251e+03
1.333830611991279739e+03
1.330839199562155500e+03
1.327847787133035581e+03
1.324856374703919755e+03
1.321864962274804611e+03
1.318873549845688785e+03
1.315882137416569549e+03
1.312890724987455087e+03
1.309899312558331076e+03
1.306907900129206155e+03
1.303916487700071229e+03
1.300925075270950401e+03
1.297933662841830483e+03
1.294942250412705562e+03
1.291540969600419885e+03
1.288349582538074628e+03
1.285158195475729599e+03
1.280874056882769764e+03
1.276536193121079123e+03
1.272130438511676175e+03
1.267687685899818234e+03
1.263244933287963704e+03
1.258802180676109174e+03
1.254359428064245321e+03
1.249916675452380105e+03
1.245473922840520572e+03
1.241031170228661949e+03
1.236588417616798324e+03
1.232145665004938337e+03
1.227702912393078350e+03
1.223260159781217226e+03
1.218817407169355874e+03
1.214374654557495887e+03
1.209931901945634536e+03
1.205489149333771365e+03
1.201046396721909332e+03
1.196603644110047526e+03
1.192160891498191859e+03
1.187718138886334145e+03
1.183275386274476432e+03
1.178832633662618036e+03
1.174389881050753502e+03
1.169947128438891696e+03
1.165842047768044722e+03
1.161634099135662154e+03
1.156909313821533487e+03
1.152297101573291457e+03
1.147916016974809736e+03
1.143318989620281627e+03
1.139078551213276569e+03
1.134877139005988965e+03
1.127678681091151702e+03
1.121080698396638581e+03
1.110556351671954189e+03
1.102083640427958926e+03
1.093610929183963890e+03
1.083571113006184078e+03
1.074629287021303071e+03
1.066408863210748223e+03
1.057801302005457728e+03
1.050350095076626530e+03
1.040957008665448029e+03
1.030932992344402010e+03
1.023208873055995127e+03
1.013778344262606424e+03
1.005201020221724548e+03
9.969864608940608832e+02
9.884083650647492050e+02
9.794690480990791457e+02
9.708917240582097747e+02
9.623144000173285804e+02
9.537370759764564809e+02
9.451597519355668737e+02
9.365824278946679442e+02
9.280051038537696968e+02
9.194277798128875929e+02
9.108504557720042385e+02
9.022731317311156545e+02
8.936958076902282073e+02
8.846667672243643210e+02
8.739199484928527681e+02
8.631770379632235972e+02
8.511700255821669998e+02
8.366114982760130943e+02
8.214996038360527564e+02
8.072583811794598887e+02
7.909734543537419995e+02
7.744132306459249548e+02
7.577488987336948867e+02
7.411914048683759120e+02
7.243965546684964920e+02
7.076017044686022928e+02
6.908068542686708042e+02
6.740120040687577330e+02
6.572171538688587589e+02
6.404223036689504625e+02
6.236274534690518294e+02
6.068326032691823002e+02
5.895861276453321125e+02
5.715770842065783199e+02
5.557901773331784625e+02
5.381408895811721322e+02
5.203509964937051109e+02
5.047952696568280544e+02
4.880501414914036786e+02
4.702915426630711977e+02
4.591096283142009042e+02
4.497907400031118641e+02
4.402579206544511976e+02
4.302399698704126649e+02
4.202366825736548890e+02
4.102462931890829054e+02
4.002292432359579379e+02
3.902207823516640701e+02
3.802159854719791952e+02
3.702111885922944907e+02
3.602063917126166075e+02
3.513463298629833389e+02
3.446332347860164873e+02
3.388510005938932181e+02
3.361778704537950375e+02
3.335047403137019160e+02
3.308320392990360688e+02
3.282445352408686290e+02
3.260718749157795173e+02
3.244453239821323223e+02
3.228326612927064048e+02
3.213110800601259598e+02
3.198568804568066639e+02
3.188284983339710834e+02
3.178300496668960022e+02
3.168940966643618253e+02
3.209346304057371526e+02
3.229186856790038860e+02
3.251393021292633989e+02
3.205801267776622012e+02
3.254005642903366038e+02
3.315096771792494792e+02
3.376187900681620704e+02
3.437279029570749458e+02
3.379553952688863774e+02
3.437928497186140930e+02
3.496303041683421498e+02
3.554677586180702065e+02
3.613052130677979221e+02
3.777073447476855108e+02
4.056424531006285861e+02
4.335775614535700697e+02
4.615126698065132587e+02
4.894477781594546286e+02
4.806673239511433167e+02
4.308811606904667428e+02
4.160244395796344179e+02
4.011677184688013540e+02
3.863109973579682901e+02
3.714542762471360220e+02
3.565975551363029012e+02
nan
nan
nan
nan
nan
nan
nan
nan
nan
nan
nan
nan
nan
nan
nan
nan
nan
nan
nan
nan
nan
nan
nan
nan
nan
nan
nan
nan
nan
nan
nan
nan
nan
nan
nan
nan
nan
nan
nan
nan
nan
nan
nan
nan
nan
nan
nan
nan
nan
nan
nan
nan
nan
nan
nan
nan
nan
nan
nan
nan
nan
nan
nan
nan
nan
nan
nan
nan
nan
nan
nan
nan
nan
nan
nan
nan
-2.500000000000000000e+01
-2.493734335839598870e+01
-2.487468671679198096e+01
-2.481203007518796966e+01
-2.474937343358395836e+01
-2.468671679197995061e+01
-2.462406015037593932e+01
-2.456140350877193157e+01
-2.449874686716792027e+01
-2.443609022556390897e+01
-2.437343358395990123e+01
-2.431077694235588993e+01
-2.424812030075187863e+01
-2.418546365914787089e+01
-2.412280701754385959e+01
-2.406015037593984829e+01
-2.399749373433584054e+01
-2.393483709273182924e+01
-2.387218045112781795e+01
-2.380952380952381020e+01
-2.374686716791979890e+01
-2.368421052631579116e+01
-2.362155388471177986e+01
-2.355889724310776856e+01
-2.349624060150376081e+01
-2.343358395989974952e+01
-2.337092731829573822e+01
-2.330827067669173047e+01
-2.324561403508771917e+01
-2.318295739348370788e+01
-2.312030075187970013e+01
-2.305764411027568883e+01
-2.299498746867168109e+01
-2.293233082706766979e+01
-2.286967418546365849e+01
-2.280701754385965074e+01
-2.274436090225563945e+01
-2.268170426065162815e+01
-2.261904761904762040e+01
-2.255639097744360910e+01
-2.249373433583959780e+01
-2.243107769423559006e+01
-2.236842105263157876e+01
-2.230576441102756746e+01
-2.224310776942355972e+01
-2.218045112781954842e+01
-2.211779448621553712e+01
-2.205513784461152937e+01
-2.199248120300751808e+01
-2.192982456140351033e+01
-2.186716791979949903e+01
-2.180451127819548773e+01
-2.174185463659147999e+01
-2.167919799498746869e+01
-2.161654135338345739e+01
-2.155388471177944965e+01
-2.149122807017543835e+01
-2.142857142857143060e+01
-2.136591478696741930e+01
-2.130325814536340800e+01
-2.124060150375940026e+01
-2.117794486215538896e+01
-2.111528822055137766e+01
-2.105263157894736992e+01
-2.098997493734335862e+01
-2.092731829573934732e+01
-2.086466165413533957e+01
-2.080200501253132828e+01
-2.073934837092731698e+01
-2.067669172932330923e+01
-2.061403508771929793e+01
-2.055137844611528664e+01
-2.048872180451127889e+01
-2.042606516290726759e+01
-2.036340852130325629e+01
-2.030075187969924855e+01
-2.023809523809523725e+01
-2.017543859649122950e+01
-2.011278195488721821e+01
-2.005012531328321046e+01
-1.998746867167919916e+01
-1.992481203007518786e+01
-1.986215538847118012e+01
-1.979949874686716882e+01
-1.973684210526315752e+01
-1.967418546365914978e+01
-1.961152882205513848e+01
-1.954887218045112718e+01
-1.948621553884711943e+01
-1.942355889724310813e+01
-1.936090225563909684e+01
-1.929824561403508909e+01
-1.923558897243107779e+01
-1.917293233082706649e+01
-1.911027568922305875e+01
-1.904761904761904745e+01
-1.898496240601503615e+01
-1.892230576441102841e+01
-1.885964912280701711e+01
-1.879699248120300581e+01
-1.873433583959899806e+01
-1.867167919799498677e+01
-1.860902255639097902e+01
-1.854636591478696772e+01
-1.848370927318295998e+01
-1.842105263157894868e+01
-1.835839598997493738e+01
-1.829573934837092963e+01
-1.823308270676691834e+01
-1.817042606516290704e+01
-1.810776942355889929e+01
-1.804511278195488799e+01
-1.798245614035087669e+01
-1.791979949874686895e+01
-1.785714285714285765e+01
-1.779448621553884635e+01
-1.773182957393483861e+01
-1.766917293233082731e+01
-1.760651629072681601e+01
-1.754385964912280826e+01
-1.748120300751879697e+01
-1.741854636591478567e+01
-1.735588972431077792e+01
-1.729323308270676662e+01
-1.723057644110275533e+01
-1.716791979949874758e+01
-1.710526315789473628e+01
-1.704260651629072854e+01
-1.697994987468671724e+01
-1.691729323308270949e+01
-1.685463659147869464e+01
-1.679197994987468689e+01
-1.672932330827067915e+01
-1.666666666666666785e+01
-1.660401002506265655e+01
-1.654135338345864881e+01
-1.647869674185463751e+01
-1.641604010025062621e+01
-1.635338345864661846e+01
-1.629072681704260717e+01
-1.622807017543859587e+01
-1.616541353383458812e+01
-1.610275689223057682e+01
-1.604010025062656553e+01
-1.597744360902255778e+01
-1.591478696741854648e+01
-1.585213032581453696e+01
-1.578947368421052744e+01
-1.572681704260651614e+01
-1.566416040100250662e+01
-1.560150375939849710e+01
-1.553884711779448757e+01
-1.547619047619047628e+01
-1.541353383458646675e+01
-1.535087719298245723e+01
-1.528822055137844593e+01
-1.522556390977443641e+01
-1.516290726817042689e+01
-1.510025062656641737e+01
-1.503759398496240607e+01
-1.497493734335839655e+01
-1.491228070175438702e+01
-1.484962406015037573e+01
-1.478696741854636620e+01
-1.472431077694235668e+01
-1.466165413533834716e+01
-1.459899749373433586e+01
-1.453634085213032634e+01
-1.447368421052631682e+01
-1.441102756892230552e+01
-1.434837092731829600e+01
-1.428571428571428648e+01
-1.422305764411027695e+01
-1.416040100250626566e+01
-1.409774436090225613e+01
-1.403508771929824661e+01
-1.397243107769423531e+01
-1.390977443609022579e+01
-1.384711779448621627e+01
-1.378446115288220675e+01
-1.372180451127819545e+01
-1.365914786967418593e+01
-1.359649122807017640e+01
-1.353383458646616688e+01
-1.347117794486215558e+01
-1.340852130325814606e+01
-1.334586466165413654e+01
-1.328320802005012524e+01
-1.322055137844611572e+01
-1.315789473684210620e+01
-1.309523809523809668e+01
-1.303258145363408538e+01
-1.296992481203007586e+01
-1.290726817042606633e+01
-1.284461152882205504e+01
-1.278195488721804551e+01
-1.271929824561403599e+01
-1.265664160401002647e+01
-1.259398496240601517e+01
-1.253132832080200565e+01
-1.246867167919799613e+01
-1.240601503759398483e+01
-1.234335839598997531e+01
-1.228070175438596578e+01
-1.221804511278195626e+01
-1.215538847117794496e+01
-1.209273182957393544e+01
-1.203007518796992592e+01
-1.196741854636591640e+01
-1.190476190476190510e+01
-1.184210526315789558e+01
-1.177944862155388606e+01
-1.171679197994987476e+01
-1.165413533834586524e+01
-1.159147869674185571e+01
-1.152882205513784619e+01
-1.146616541353383489e+01
-1.140350877192982537e+01
-1.134085213032581585e+01
-1.127819548872180455e+01
-1.121553884711779503e+01
-1.115288220551378551e+01
-1.109022556390977599e+01
-1.102756892230576469e+01
-1.096491228070175517e+01
-1.090225563909774564e+01
-1.083959899749373434e+01
-1.077694235588972482e+01
-1.071428571428571530e+01
-1.065162907268170578e+01
-1.058897243107769448e+01
-1.052631578947368496e+01
-1.046365914786967544e+01
-1.040100250626566414e+01
-1.033834586466165462e+01
-1.027568922305764509e+01
-1.021303258145363557e+01
-1.015037593984962427e+01
-1.008771929824561475e+01
-1.002506265664160523e+01
-9.962406015037593932e+00
-9.899749373433584410e+00
-9.837092731829574888e+00
-9.774436090225565366e+00
-9.711779448621554067e+00
-9.649122807017544545e+00
-9.586466165413535023e+00
-9.523809523809525501e+00
-9.461152882205514203e+00
-9.398496240601504681e+00
-9.335839598997495159e+00
-9.273182957393483861e+00
-9.210526315789474339e+00
-9.147869674185464817e+00
-9.085213032581455295e+00
-9.022556390977443996e+00
-8.959899749373434474e+00
-8.897243107769423176e+00
-8.834586466165415430e+00
-8.771929824561404132e+00
-8.709273182957392834e+00
-8.646616541353385088e+00
-8.583959899749373790e+00
-8.521303258145366044e+00
-8.458646616541354746e+00
-8.395989974937343447e+00
-8.333333333333335702e+00
-8.270676691729324403e+00
-8.208020050125313105e+00
-8.145363408521305359e+00
-8.082706766917294061e+00
-8.020050125313282763e+00
-7.957393483709275017e+00
-7.894736842105263719e+00
-7.832080200501252421e+00
-7.769423558897244675e+00
-7.706766917293233377e+00
-7.644110275689225631e+00
-7.581453634085214333e+00
-7.518796992481203034e+00
-7.456140350877195289e+00
-7.393483709273183990e+00
-7.330827067669172692e+00
-7.268170426065164946e+00
-7.205513784461153648e+00
-7.142857142857142350e+00
-7.080200501253134604e+00
-7.017543859649123306e+00
-6.954887218045115560e+00
-6.892230576441104262e+00
-6.829573934837092963e+00
-6.766917293233085218e+00
-6.704260651629073919e+00
-6.641604010025062621e+00
-6.578947368421054875e+00
-6.516290726817043577e+00
-6.453634085213032279e+00
-6.390977443609024533e+00
-6.328320802005013235e+00
-6.265664160401001936e+00
-6.203007518796994191e+00
-6.140350877192982892e+00
-6.077694235588975147e+00
-6.015037593984963848e+00
-5.952380952380952550e+00
-5.889724310776944805e+00
-5.827067669172933506e+00
-5.764411027568922208e+00
-5.701754385964914462e+00
-5.639097744360903164e+00
-5.576441102756891866e+00
-5.513784461152884120e+00
-5.451127819548872822e+00
-5.388471177944861523e+00
-5.325814536340853778e+00
-5.263157894736842479e+00
-5.200501253132834734e+00
-5.137844611528823435e+00
-5.075187969924812137e+00
-5.012531328320804391e+00
-4.949874686716793093e+00
-4.887218045112781795e+00
-4.824561403508774049e+00
-4.761904761904762751e+00
-4.699248120300751452e+00
-4.636591478696743707e+00
-4.573934837092732408e+00
-4.511278195488724663e+00
-4.448621553884713364e+00
-4.385964912280702066e+00
-4.323308270676694320e+00
-4.260651629072683022e+00
-4.197994987468671724e+00
-4.135338345864663978e+00
-4.072681704260652680e+00
-4.010025062656641381e+00
-3.947368421052633636e+00
-3.884711779448622337e+00
-3.822055137844611039e+00
-3.759398496240603293e+00
-3.696741854636591995e+00
-3.634085213032584250e+00
-3.571428571428572951e+00
-3.508771929824561653e+00
-3.446115288220553907e+00
-3.383458646616542609e+00
-3.320802005012531311e+00
-3.258145363408523565e+00
-3.195488721804512267e+00
-3.132832080200500968e+00
-3.070175438596493223e+00
-3.007518796992481924e+00
-2.944862155388470626e+00
-2.882205513784462880e+00
-2.819548872180451582e+00
-2.756892230576443836e+00
-2.694235588972432538e+00
-2.631578947368421240e+00
-2.568922305764413494e+00
-2.506265664160402196e+00
-2.443609022556390897e+00
-2.380952380952383152e+00
-2.318295739348371853e+00
-2.255639097744360555e+00
-2.192982456140352809e+00
-2.130325814536341511e+00
-2.067669172932333765e+00
-2.005012531328322467e+00
-1.942355889724311169e+00
-1.879699248120303423e+00
-1.817042606516292125e+00
-1.754385964912280826e+00
-1.691729323308273081e+00
-1.629072681704261782e+00
-1.566416040100250484e+00
-1.503759398496242738e+00
-1.441102756892231440e+00
-1.378446115288220142e+00
-1.315789473684212396e+00
-1.253132832080201098e+00
-1.190476190476193352e+00
-1.127819548872182054e+00
-1.065162907268170756e+00
-1.002506265664163010e+00
-9.398496240601517115e-01
-8.771929824561404132e-01
-8.145363408521326676e-01
-7.518796992481213692e-01
-6.892230576441100709e-01
-6.265664160401023253e-01
-5.639097744360910269e-01
-5.012531328320832813e-01
-4.385964912280719830e-01
-3.759398496240606846e-01
-3.132832080200529390e-01
-2.506265664160416407e-01
-1.879699248120303423e-01
-1.253132832080225967e-01
-6.265664160401129834e-02
0.000000000000000000e+00
