2.148306186078760220e+03
2.145500881824581938e+03
2.142695577570403657e+03
2.139890273316224921e+03
2.137084969062040273e+03
2.134279664807859717e+03
2.131474360553678707e+03
2.128669056299500880e+03
2.125863752045323054e+03
2.123058447791145682e+03
2.120253143536965581e+03
2.117447839282786845e+03
2.114642535028606289e+03
2.111837230774432101e+03
2.109031926520257457e+03
2.106226622266082359e+03
2.103421318011903168e+03
2.100574745821531906e+03
2.097792213619363793e+03
2.094952953050739779e+03
2.092052241480383600e+03
2.089186700147836291e+03
2.086297878255274100e+03
2.083398977433600066e+03
2.080378678024194414e+03
2.077223741340274501e+03
2.073163046387823670e+03
2.069213603970119948e+03
2.065225998190373502e+03
2.061195535403122449e+03
2.057165072615869576e+03
2.053113788193011715e+03
2.049084604739057795e+03
2.045055421285104103e+03
2.040905415227980939e+03
2.036743432386046152e+03
2.032581449544111138e+03
2.028408480569351013e+03
2.024205710177051060e+03
2.020002939784750424e+03
2.015735670394946737e+03
2.011619375014732668e+03
2.007380168920631831e+03
2.003140962826530540e+03
1.998901756732427202e+03
1.994662550638328412e+03
1.990423344544226211e+03
1.986184138450119008e+03
1.981944932356009758e+03
1.977705726261898917e+03
1.973466520167790122e+03
1.969227314073684056e+03
1.964988107979578217e+03
1.960748901885475107e+03
1.956509695791371314e+03
1.952270489697264566e+03
1.948031283603158045e+03
1.943792077509052888e+03
1.939552871414950005e+03
1.935054703645362679e+03
1.930352550675034308e+03
1.925698485469879643e+03
1.921048787893487315e+03
1.916297217725636756e+03
1.911520267997853807e+03
1.906743318270070176e+03
1.901966368542284727e+03
1.897420410076858388e+03
1.892845944331934561e+03
1.888027334463726220e+03
1.884480514607570058e+03
1.880933694751417534e+03
1.877386874895257733e+03
1.873840055039096114e+03
1.870293235182938361e+03
1.866746415326782881e+03
1.863199595470621716e+03
1.859652775614454640e+03
1.856105955758292112e+03
1.852559135902137768e+03
1.849012316045977059e+03
1.845465496189819532e+03
1.841918676333651547e+03
1.838371856477486290e+03
1.834825036621319441e+03
1.831278216765161687e+03
1.827731396909004616e+03
1.824184577052853911e+03
1.820637757196694110e+03
1.817090937340533856e+03
1.813544117484365643e+03
1.809997297628187653e+03
1.806450477772026488e+03
1.802903657915876465e+03
1.799356838059725987e+03
1.795810018203570962e+03
1.792263198347412981e+03
1.788716378491248634e+03
1.785289865169587529e+03
1.782235801045818107e+03
1.779181736922048913e+03
1.776228166756311111e+03
1.773288496679377204e+03
1.770348826602434656e+03
1.767409156525498247e+03
1.764469486448562293e+03
1.761529816371625884e+03
1.758590146294689021e+03
1.755650476217752384e+03
1.752710806140815976e+03
1.749769381344831345e+03
1.746798288709525423e+03
1.743843330211361717e+03
1.740670271953382326e+03
1.736614229304841956e+03
1.732558186656299313e+03
1.728502144007754850e+03
1.724446101359210388e+03
1.720390058710657286e+03
1.716334016062112596e+03
1.712277973413567452e+03
1.708221930765021170e+03
1.704165888116475799e+03
1.700109845467930654e+03
1.696053802819380735e+03
1.691997760170830361e+03
1.687941717522279532e+03
1.683885674873731887e+03
1.679829632225190835e+03
1.675773589576650011e+03
1.671717546928108732e+03
1.667661504279563587e+03
1.663605461631011394e+03
1.659549418982458747e+03
1.655493376333912238e+03
1.651437333685366184e+03
1.647381291036821494e+03
1.643325248388274758e+03
1.639269205739715744e+03
1.634274737656702882e+03
1.630739055921357249e+03
1.627162399749881843e+03
1.623404562762358410e+03
1.619268476676219962e+03
1.615290832962964259e+03
1.611329309397051020e+03
1.607244163860411845e+03
1.603186968497205726e+03
1.599165768217819505e+03
1.595138762906123247e+03
1.591094402153514011e+03
1.587047420704807791e+03
1.583000439256098389e+03
1.578953457807381938e+03
1.574906476358671171e+03
1.570859494909961541e+03
1.566812513461251910e+03
1.562765532012542053e+03
1.558718550563832196e+03
1.554671569115119610e+03
1.550624587666399748e+03
1.546577606217691709e+03
1.542530624768984808e+03
1.538483643320275405e+03
1.535279692639263885e+03
1.532122471497426886e+03
1.529058435635012302e+03
1.526050263090641693e+03
1.523056484368877591e+03
1.520077521646726154e+03
1.517086299801314908e+03
1.514119703725970112e+03
1.511180922974655687e+03
1.508242142223338988e+03
1.505303361472022061e+03
1.502364580720709228e+03
1.499425799969385253e+03
1.496487019218061050e+03
1.493548238466737303e+03
1.490609457715416511e+03
1.487670676964091399e+03
1.484731896212766060e+03
1.481793115461447996e+03
1.478854334710133116e+03
1.475915553958812779e+03
1.472976773207490169e+03
1.470037992456179381e+03
1.467099211704852905e+03
1.464160430953531204e+03
1.461221650202211549e+03
1.458282869450888938e+03
1.455174968612568819e+03
1.451344996154380851e+03
1.447249242537016471e+03
1.443153488919654592e+03
1.439057735302289757e+03
1.434961981684925604e+03
1.430866228067550765e+03
1.426291904564508059e+03
1.421488742669539079e+03
1.416198206841022284e+03
1.409631187372935528e+03
1.403064167904840360e+03
1.396497148436757925e+03
1.389930128968674808e+03
1.383363109500585324e+03
1.376796090032495840e+03
1.370229070564407493e+03
1.363662051096322557e+03
1.357095031628246943e+03
1.350528012160171784e+03
1.343960992692096625e+03
1.337393973224019646e+03
1.330826953755938121e+03
1.324259934287857504e+03
1.317692914819774842e+03
1.311125895351680811e+03
1.304558875883589508e+03
1.297991856415508437e+03
1.291424836947426684e+03
1.284857817479344703e+03
1.278290798011264087e+03
1.271723778543188700e+03
1.265156759075105128e+03
1.258589739607016782e+03
1.252079690008263469e+03
1.246321394879177205e+03
1.240716993262176857e+03
1.235218009151584056e+03
1.229719025040991482e+03
1.218892521860104125e+03
1.205473803075007027e+03
1.192340022838462119e+03
1.179089988257621599e+03
1.165636813454342700e+03
1.153052721808074011e+03
1.140755940937817968e+03
1.128405810412562914e+03
1.116082354714800431e+03
1.103758899017037947e+03
1.091435443319270462e+03
1.079111987621500020e+03
1.066788531923729352e+03
1.054465076225969824e+03
1.042141620528226213e+03
1.029818164830469641e+03
1.017494709132704998e+03
1.005171253434918071e+03
9.928477977371278484e+02
9.805243420393459246e+02
9.682008863415732094e+02
9.558774306438075428e+02
9.435539749460422172e+02
9.312305192482781422e+02
9.191825722631335793e+02
9.071367232188043772e+02
8.948181375787839897e+02
8.822770758968242717e+02
8.703778369606549177e+02
8.582587427946068601e+02
8.458712922060939263e+02
8.338491005805088889e+02
8.184966123234486304e+02
8.056973275710635107e+02
7.900669047036647044e+02
7.736282793165496514e+02
7.571098357807607044e+02
7.408077754561188613e+02
7.243795301735040084e+02
7.076321205907624972e+02
6.907984785904623095e+02
6.747419974762224228e+02
6.581298901226595035e+02
6.416344260689212433e+02
6.251349051342546090e+02
6.085941342943472137e+02
5.920533634544524375e+02
5.755125926145767608e+02
5.589718217747060862e+02
5.423859714731535178e+02
5.257856163146093422e+02
5.093495092550527374e+02
4.935189225358711838e+02
4.784633717890886828e+02
4.658604812799128467e+02
4.564447421087848511e+02
4.457327161772888076e+02
4.336106636834171582e+02
4.231540583609006489e+02
4.132997705322683828e+02
4.034454827036307165e+02
3.936360680867285282e+02
3.839230760840667358e+02
3.741005167362664565e+02
3.650618488441261889e+02
3.568587996664909383e+02
3.496209474173110152e+02
3.423830951681314332e+02
3.361836321812825190e+02
3.329571076463506074e+02
3.301156686234685935e+02
3.281895776835068546e+02
3.260311397953021242e+02
3.234979215804569321e+02
3.305732639333296561e+02
3.468803553893042135e+02
3.497646179732624319e+02
3.519852344235220016e+02
3.542058508737812872e+02
3.564264673240408001e+02
3.442589401276691206e+02
3.457934105792818968e+02
3.519025234681947722e+02
3.558654763871704745e+02
3.451877523169534925e+02
3.510252067666814924e+02
3.568626612164092080e+02
3.627001156661372079e+02
3.685375701158653783e+02
3.743750245655930939e+02
3.802124790153210938e+02
3.860499334650491505e+02
3.986541405770356619e+02
4.265892489299787940e+02
4.545243572829218124e+02
4.824594656358632960e+02
5.108297552664153045e+02
4.647832864605341001e+02
4.179188790606959287e+02
4.030621579498629785e+02
3.882054368390304830e+02
3.733487157281974191e+02
3.584919946173643552e+02
nan
nan
nan
nan
nan
nan
nan
nan
nan
nan
nan
nan
nan
nan
nan
nan
nan
nan
nan
nan
nan
nan
nan
nan
nan
nan
nan
nan
nan
nan
nan
nan
nan
nan
nan
nan
nan
nan
nan
nan
nan
nan
nan
nan
nan
nan
nan
nan
nan
nan
nan
nan
nan
nan
nan
nan
nan
nan
nan
nan
nan
nan
nan
nan
nan
nan
nan
-2.500000000000000000e+01
-2.493734335839598870e+01
-2.487468671679198096e+01
-2.481203007518796966e+01
-2.474937343358395836e+01
-2.468671679197995061e+01
-2.462406015037593932e+01
-2.456140350877193157e+01
-2.449874686716792027e+01
-2.443609022556390897e+01
-2.437343358395990123e+01
-2.431077694235588993e+01
-2.424812030075187863e+01
-2.418546365914787089e+01
-2.412280701754385959e+01
-2.406015037593984829e+01
-2.399749373433584054e+01
-2.393483709273182924e+01
-2.387218045112781795e+01
-2.380952380952381020e+01
-2.374686716791979890e+01
-2.368421052631579116e+01
-2.362155388471177986e+01
-2.355889724310776856e+01
-2.349624060150376081e+01
-2.343358395989974952e+01
-2.337092731829573822e+01
-2.330827067669173047e+01
-2.324561403508771917e+01
-2.318295739348370788e+01
-2.312030075187970013e+01
-2.305764411027568883e+01
-2.299498746867168109e+01
-2.293233082706766979e+01
-2.286967418546365849e+01
-2.280701754385965074e+01
-2.274436090225563945e+01
-2.268170426065162815e+01
-2.261904761904762040e+01
-2.255639097744360910e+01
-2.249373433583959780e+01
-2.243107769423559006e+01
-2.236842105263157876e+01
-2.230576441102756746e+01
-2.224310776942355972e+01
-2.218045112781954842e+01
-2.211779448621553712e+01
-2.205513784461152937e+01
-2.199248120300751808e+01
-2.192982456140351033e+01
-2.186716791979949903e+01
-2.180451127819548773e+01
-2.174185463659147999e+01
-2.167919799498746869e+01
-2.161654135338345739e+01
-2.155388471177944965e+01
-2.149122807017543835e+01
-2.142857142857143060e+01
-2.136591478696741930e+01
-2.130325814536340800e+01
-2.124060150375940026e+01
-2.117794486215538896e+01
-2.111528822055137766e+01
-2.105263157894736992e+01
-2.098997493734335862e+01
-2.092731829573934732e+01
-2.086466165413533957e+01
-2.080200501253132828e+01
-2.073934837092731698e+01
-2.067669172932330923e+01
-2.061403508771929793e+01
-2.055137844611528664e+01
-2.048872180451127889e+01
-2.042606516290726759e+01
-2.036340852130325629e+01
-2.030075187969924855e+01
-2.023809523809523725e+01
-2.017543859649122950e+01
-2.011278195488721821e+01
-2.005012531328321046e+01
-1.998746867167919916e+01
-1.992481203007518786e+01
-1.986215538847118012e+01
-1.979949874686716882e+01
-1.973684210526315752e+01
-1.967418546365914978e+01
-1.961152882205513848e+01
-1.954887218045112718e+01
-1.948621553884711943e+01
-1.942355889724310813e+01
-1.936090225563909684e+01
-1.929824561403508909e+01
-1.923558897243107779e+01
-1.917293233082706649e+01
-1.911027568922305875e+01
-1.904761904761904745e+01
-1.898496240601503615e+01
-1.892230576441102841e+01
-1.885964912280701711e+01
-1.879699248120300581e+01
-1.873433583959899806e+01
-1.867167919799498677e+01
-1.860902255639097902e+01
-1.854636591478696772e+01
-1.848370927318295998e+01
-1.842105263157894868e+01
-1.835839598997493738e+01
-1.829573934837092963e+01
-1.823308270676691834e+01
-1.817042606516290704e+01
-1.810776942355889929e+01
-1.804511278195488799e+01
-1.798245614035087669e+01
-1.791979949874686895e+01
-1.785714285714285765e+01
-1.779448621553884635e+01
-1.773182957393483861e+01
-1.766917293233082731e+01
-1.760651629072681601e+01
-1.754385964912280826e+01
-1.748120300751879697e+01
-1.741854636591478567e+01
-1.735588972431077792e+01
-1.729323308270676662e+01
-1.723057644110275533e+01
-1.716791979949874758e+01
-1.710526315789473628e+01
-1.704260651629072854e+01
-1.697994987468671724e+01
-1.691729323308270949e+01
-1.685463659147869464e+01
-1.679197994987468689e+01
-1.672932330827067915e+01
-1.666666666666666785e+01
-1.660401002506265655e+01
-1.654135338345864881e+01
-1.647869674185463751e+01
-1.641604010025062621e+01
-1.635338345864661846e+01
-1.629072681704260717e+01
-1.622807017543859587e+01
-1.616541353383458812e+01
-1.610275689223057682e+01
-1.604010025062656553e+01
-1.597744360902255778e+01
-1.591478696741854648e+01
-1.585213032581453696e+01
-1.578947368421052744e+01
-1.572681704260651614e+01
-1.566416040100250662e+01
-1.560150375939849710e+01
-1.553884711779448757e+01
-1.547619047619047628e+01
-1.541353383458646675e+01
-1.535087719298245723e+01
-1.528822055137844593e+01
-1.522556390977443641e+01
-1.516290726817042689e+01
-1.510025062656641737e+01
-1.503759398496240607e+01
-1.497493734335839655e+01
-1.491228070175438702e+01
-1.484962406015037573e+01
-1.478696741854636620e+01
-1.472431077694235668e+01
-1.466165413533834716e+01
-1.459899749373433586e+01
-1.453634085213032634e+01
-1.447368421052631682e+01
-1.441102756892230552e+01
-1.434837092731829600e+01
-1.428571428571428648e+01
-1.422305764411027695e+01
-1.416040100250626566e+01
-1.409774436090225613e+01
-1.403508771929824661e+01
-1.397243107769423531e+01
-1.390977443609022579e+01
-1.384711779448621627e+01
-1.378446115288220675e+01
-1.372180451127819545e+01
-1.365914786967418593e+01
-1.359649122807017640e+01
-1.353383458646616688e+01
-1.347117794486215558e+01
-1.340852130325814606e+01
-1.334586466165413654e+01
-1.328320802005012524e+01
-1.322055137844611572e+01
-1.315789473684210620e+01
-1.309523809523809668e+01
-1.303258145363408538e+01
-1.296992481203007586e+01
-1.290726817042606633e+01
-1.284461152882205504e+01
-1.278195488721804551e+01
-1.271929824561403599e+01
-1.265664160401002647e+01
-1.259398496240601517e+01
-1.253132832080200565e+01
-1.246867167919799613e+01
-1.240601503759398483e+01
-1.234335839598997531e+01
-1.228070175438596578e+01
-1.221804511278195626e+01
-1.215538847117794496e+01
-1.209273182957393544e+01
-1.203007518796992592e+01
-1.196741854636591640e+01
-1.190476190476190510e+01
-1.184210526315789558e+01
-1.177944862155388606e+01
-1.171679197994987476e+01
-1.165413533834586524e+01
-1.159147869674185571e+01
-1.152882205513784619e+01
-1.146616541353383489e+01
-1.140350877192982537e+01
-1.134085213032581585e+01
-1.127819548872180455e+01
-1.121553884711779503e+01
-1.115288220551378551e+01
-1.109022556390977599e+01
-1.102756892230576469e+01
-1.096491228070175517e+01
-1.090225563909774564e+01
-1.083959899749373434e+01
-1.077694235588972482e+01
-1.071428571428571530e+01
-1.065162907268170578e+01
-1.058897243107769448e+01
-1.052631578947368496e+01
-1.046365914786967544e+01
-1.040100250626566414e+01
-1.033834586466165462e+01
-1.027568922305764509e+01
-1.021303258145363557e+01
-1.015037593984962427e+01
-1.008771929824561475e+01
-1.002506265664160523e+01
-9.962406015037593932e+00
-9.899749373433584410e+00
-9.837092731829574888e+00
-9.774436090225565366e+00
-9.711779448621554067e+00
-9.649122807017544545e+00
-9.586466165413535023e+00
-9.523809523809525501e+00
-9.461152882205514203e+00
-9.398496240601504681e+00
-9.335839598997495159e+00
-9.273182957393483861e+00
-9.210526315789474339e+00
-9.147869674185464817e+00
-9.085213032581455295e+00
-9.022556390977443996e+00
-8.959899749373434474e+00
-8.897243107769423176e+00
-8.834586466165415430e+00
-8.771929824561404132e+00
-8.709273182957392834e+00
-8.646616541353385088e+00
-8.583959899749373790e+00
-8.521303258145366044e+00
-8.458646616541354746e+00
-8.395989974937343447e+00
-8.333333333333335702e+00
-8.270676691729324403e+00
-8.208020050125313105e+00
-8.145363408521305359e+00
-8.082706766917294061e+00
-8.020050125313282763e+00
-7.957393483709275017e+00
-7.894736842105263719e+00
-7.832080200501252421e+00
-7.769423558897244675e+00
-7.706766917293233377e+00
-7.644110275689225631e+00
-7.581453634085214333e+00
-7.518796992481203034e+00
-7.456140350877195289e+00
-7.393483709273183990e+00
-7.330827067669172692e+00
-7.268170426065164946e+00
-7.205513784461153648e+00
-7.142857142857142350e+00
-7.080200501253134604e+00
-7.017543859649123306e+00
-6.954887218045115560e+00
-6.892230576441104262e+00
-6.829573934837092963e+00
-6.766917293233085218e+00
-6.704260651629073919e+00
-6.641604010025062621e+00
-6.578947368421054875e+00
-6.516290726817043577e+00
-6.453634085213032279e+00
-6.390977443609024533e+00
-6.328320802005013235e+00
-6.265664160401001936e+00
-6.203007518796994191e+00
-6.140350877192982892e+00
-6.077694235588975147e+00
-6.015037593984963848e+00
-5.952380952380952550e+00
-5.889724310776944805e+00
-5.827067669172933506e+00
-5.764411027568922208e+00
-5.701754385964914462e+00
-5.639097744360903164e+00
-5.576441102756891866e+00
-5.513784461152884120e+00
-5.451127819548872822e+00
-5.388471177944861523e+00
-5.325814536340853778e+00
-5.263157894736842479e+00
-5.200501253132834734e+00
-5.137844611528823435e+00
-5.075187969924812137e+00
-5.012531328320804391e+00
-4.949874686716793093e+00
-4.887218045112781795e+00
-4.824561403508774049e+00
-4.761904761904762751e+00
-4.699248120300751452e+00
-4.636591478696743707e+00
-4.573934837092732408e+00
-4.511278195488724663e+00
-4.448621553884713364e+00
-4.385964912280702066e+00
-4.323308270676694320e+00
-4.260651629072683022e+00
-4.197994987468671724e+00
-4.135338345864663978e+00
-4.072681704260652680e+00
-4.010025062656641381e+00
-3.947368421052633636e+00
-3.884711779448622337e+00
-3.822055137844611039e+00
-3.759398496240603293e+00
-3.696741854636591995e+00
-3.634085213032584250e+00
-3.571428571428572951e+00
-3.508771929824561653e+00
-3.446115288220553907e+00
-3.383458646616542609e+00
-3.320802005012531311e+00
-3.258145363408523565e+00
-3.195488721804512267e+00
-3.132832080200500968e+00
-3.070175438596493223e+00
-3.007518796992481924e+00
-2.944862155388470626e+00
-2.882205513784462880e+00
-2.819548872180451582e+00
-2.756892230576443836e+00
-2.694235588972432538e+00
-2.631578947368421240e+00
-2.568922305764413494e+00
-2.506265664160402196e+00
-2.443609022556390897e+00
-2.380952380952383152e+00
-2.318295739348371853e+00
-2.255639097744360555e+00
-2.192982456140352809e+00
-2.130325814536341511e+00
-2.067669172932333765e+00
-2.005012531328322467e+00
-1.942355889724311169e+00
-1.879699248120303423e+00
-1.817042606516292125e+00
-1.754385964912280826e+00
-1.691729323308273081e+00
-1.629072681704261782e+00
-1.566416040100250484e+00
-1.503759398496242738e+00
-1.441102756892231440e+00
-1.378446115288220142e+00
-1.315789473684212396e+00
-1.253132832080201098e+00
-1.190476190476193352e+00
-1.127819548872182054e+00
-1.065162907268170756e+00
-1.002506265664163010e+00
-9.398496240601517115e-01
-8.771929824561404132e-01
-8.145363408521326676e-01
-7.518796992481213692e-01
-6.892230576441100709e-01
-6.265664160401023253e-01
-5.639097744360910269e-01
-5.012531328320832813e-01
-4.385964912280719830e-01
-3.759398496240606846e-01
-3.132832080200529390e-01
-2.506265664160416407e-01
-1.879699248120303423e-01
-1.253132832080225967e-01
-6.265664160401129834e-02
0.000000000000000000e+00
